1 1 1 1 0.22131 8.1484
1 1 2 1 0.17194 10.812
1 1 1 2 0.18419 8.0965
1 1 2 2 0.17194 10.812
1 1 1 3 0.15881 8.0676
1 1 2 3 0.15163 10.789
1 1 1 4 0.13931 8.0522
1 1 2 4 0.13581 10.774
1 1 1 5 0.12452 8.0303
1 1 2 5 0.12281 10.753
1 1 1 6 0.11275 8.0218
1 1 2 6 0.11244 10.736
1 1 1 7 0.10219 7.9988
1 1 2 7 0.1037 10.721
1 1 1 8 0.094047 7.99
1 1 2 8 0.095969 10.716
1 1 1 9 0.087094 7.9876
1 1 2 9 0.089438 10.705
1 1 1 10 0.081406 7.9872
1 1 2 10 0.083797 10.7
1 1 1 11 0.076234 7.9818
1 1 2 11 0.078906 10.693
1 1 1 12 0.071688 7.9689
1 1 2 12 0.074391 10.682
1 1 1 13 0.067555 7.9655
1 1 2 13 0.070281 10.67
1 1 1 14 0.063969 7.9632
1 1 2 14 0.06675 10.663
1 1 1 15 0.0605 7.9547
1 1 2 15 0.063367 10.653
1 1 1 16 0.05775 7.9508
1 1 2 16 0.060633 10.65
1 1 1 17 0.055125 7.9456
1 1 2 17 0.057953 10.65
1 1 1 18 0.052688 7.9441
1 1 2 18 0.055563 10.653
1 1 1 19 0.050469 7.9439
1 1 2 19 0.053375 10.648
1 1 1 20 0.048445 7.9388
1 1 2 20 0.051438 10.646
1 1 1 21 0.046609 7.9369
1 1 2 21 0.0495 10.64
1 1 1 22 0.044836 7.933
1 1 2 22 0.047875 10.644
1 1 1 23 0.043219 7.9349
1 1 2 23 0.046172 10.635
1 1 1 24 0.041672 7.9293
1 1 2 24 0.044664 10.635
1 1 1 25 0.040328 7.9323
1 1 2 25 0.04325 10.631
1 1 1 26 0.039031 7.928
1 1 2 26 0.042 10.637
1 1 1 27 0.03775 7.9285
1 1 2 27 0.040734 10.633
1 1 1 28 0.036609 7.9274
1 1 2 28 0.039563 10.637
1 1 1 29 0.035453 7.9209
1 1 2 29 0.038422 10.632
1 1 1 30 0.034402 7.9177
1 1 2 30 0.03732 10.637
1 1 1 31 0.033438 7.9136
1 1 2 31 0.036336 10.635
1 1 1 32 0.032477 7.914
1 1 2 32 0.035352 10.633
1 1 1 33 0.031688 7.9149
1 1 2 33 0.034438 10.63
1 1 1 34 0.030875 7.9124
1 1 2 34 0.033469 10.622
1 1 1 35 0.030125 7.9124
1 1 2 35 0.032711 10.623
1 1 1 36 0.029344 7.9104
1 1 2 36 0.03193 10.622
1 1 1 37 0.02866 7.9111
1 1 2 37 0.031191 10.618
1 1 1 38 0.027992 7.9089
1 1 2 38 0.030492 10.619
1 1 1 39 0.027371 7.908
1 1 2 39 0.029789 10.62
1 1 1 40 0.026844 7.9132
1 1 2 40 0.029203 10.621
1 1 1 41 0.026281 7.9153
1 1 2 41 0.028578 10.615
1 1 1 42 0.025727 7.9161
1 1 2 42 0.028004 10.618
1 1 1 43 0.025125 7.9086
1 1 2 43 0.027441 10.618
1 1 1 44 0.024625 7.9068
1 1 2 44 0.026906 10.62
1 1 1 45 0.024109 7.9072
1 1 2 45 0.026426 10.625
1 1 1 46 0.023672 7.9084
1 1 2 46 0.025906 10.622
1 1 1 47 0.023203 7.9073
1 1 2 47 0.025438 10.617
1 1 1 48 0.02275 7.9106
1 1 2 48 0.024965 10.617
1 1 1 49 0.022363 7.9108
1 1 2 49 0.024555 10.62
1 1 1 50 0.02193 7.9125
1 1 2 50 0.024156 10.62
1 2 1 1 0.40725 9.3889
1 2 2 1 0.30872 12.074
1 2 1 2 0.32375 9.201
1 2 2 2 0.30872 12.074
1 2 1 3 0.2725 9.1022
1 2 2 3 0.26763 11.991
1 2 1 4 0.23559 9.0332
1 2 2 4 0.235 11.91
1 2 1 5 0.20788 8.972
1 2 2 5 0.21113 11.862
1 2 1 6 0.18666 8.9395
1 2 2 6 0.1915 11.824
1 2 1 7 0.16925 8.9
1 2 2 7 0.17481 11.784
1 2 1 8 0.15503 8.8781
1 2 2 8 0.16081 11.751
1 2 1 9 0.143 8.8489
1 2 2 9 0.14969 11.729
1 2 1 10 0.1328 8.8313
1 2 2 10 0.13961 11.704
1 2 1 11 0.12419 8.8302
1 2 2 11 0.13138 11.691
1 2 1 12 0.11653 8.8159
1 2 2 12 0.12334 11.667
1 2 1 13 0.10963 8.8037
1 2 2 13 0.11644 11.648
1 2 1 14 0.1038 8.7907
1 2 2 14 0.11053 11.641
1 2 1 15 0.098328 8.7787
1 2 2 15 0.10508 11.622
1 2 1 16 0.093406 8.7651
1 2 2 16 0.099859 11.604
1 2 1 17 0.089016 8.7598
1 2 2 17 0.095656 11.601
1 2 1 18 0.085086 8.7545
1 2 2 18 0.091625 11.6
1 2 1 19 0.081273 8.7473
1 2 2 19 0.087859 11.587
1 2 1 20 0.077922 8.7418
1 2 2 20 0.084313 11.575
1 2 1 21 0.075008 8.7382
1 2 2 21 0.081234 11.57
1 2 1 22 0.072094 8.7248
1 2 2 22 0.07825 11.561
1 2 1 23 0.069508 8.7198
1 2 2 23 0.075555 11.559
1 2 1 24 0.067047 8.7137
1 2 2 24 0.07293 11.552
1 2 1 25 0.064813 8.7125
1 2 2 25 0.070492 11.54
1 2 1 26 0.062617 8.7055
1 2 2 26 0.06825 11.538
1 2 1 27 0.060625 8.7018
1 2 2 27 0.066172 11.535
1 2 1 28 0.058781 8.7009
1 2 2 28 0.064328 11.535
1 2 1 29 0.05707 8.703
1 2 2 29 0.062492 11.532
1 2 1 30 0.055359 8.6945
1 2 2 30 0.060699 11.526
1 2 1 31 0.053844 8.6955
1 2 2 31 0.059078 11.527
1 2 1 32 0.052258 8.6857
1 2 2 32 0.057453 11.523
1 2 1 33 0.050898 8.6842
1 2 2 33 0.05591 11.512
1 2 1 34 0.049523 8.678
1 2 2 34 0.054453 11.513
1 2 1 35 0.048309 8.6808
1 2 2 35 0.053129 11.508
1 2 1 36 0.047063 8.6781
1 2 2 36 0.051969 11.512
1 2 1 37 0.045965 8.6723
1 2 2 37 0.050758 11.506
1 2 1 38 0.044875 8.6689
1 2 2 38 0.049563 11.5
1 2 1 39 0.043883 8.6687
1 2 2 39 0.0485 11.503
1 2 1 40 0.042895 8.6682
1 2 2 40 0.047469 11.503
1 2 1 41 0.041984 8.665
1 2 2 41 0.046438 11.496
1 2 1 42 0.041078 8.6615
1 2 2 42 0.045516 11.5
1 2 1 43 0.040207 8.6556
1 2 2 43 0.044566 11.495
1 2 1 44 0.039355 8.6521
1 2 2 44 0.043664 11.494
1 2 1 45 0.038566 8.6565
1 2 2 45 0.042813 11.494
1 2 1 46 0.037813 8.6555
1 2 2 46 0.041969 11.492
1 2 1 47 0.037086 8.6585
1 2 2 47 0.04118 11.488
1 2 1 48 0.036379 8.6568
1 2 2 48 0.040406 11.487
1 2 1 49 0.035695 8.6545
1 2 2 49 0.039695 11.492
1 2 1 50 0.035047 8.6584
1 2 2 50 0.03893 11.48
1 5 1 1 0.87113 12.484
1 5 2 1 0.63481 15.083
1 5 1 2 0.62356 11.657
1 5 2 2 0.63481 15.083
1 5 1 3 0.49756 11.223
1 5 2 3 0.52119 14.67
1 5 1 4 0.41741 10.971
1 5 2 4 0.44463 14.381
1 5 1 5 0.36284 10.807
1 5 2 5 0.39031 14.179
1 5 1 6 0.32056 10.678
1 5 2 6 0.34806 14.031
1 5 1 7 0.28863 10.593
1 5 2 7 0.31481 13.916
1 5 1 8 0.26216 10.505
1 5 2 8 0.28769 13.832
1 5 1 9 0.24081 10.454
1 5 2 9 0.26488 13.743
1 5 1 10 0.22268 10.401
1 5 2 10 0.24513 13.661
1 5 1 11 0.20691 10.354
1 5 2 11 0.22906 13.614
1 5 1 12 0.19355 10.311
1 5 2 12 0.21459 13.561
1 5 1 13 0.18192 10.285
1 5 2 13 0.20228 13.52
1 5 1 14 0.17154 10.256
1 5 2 14 0.1909 13.466
1 5 1 15 0.16233 10.224
1 5 2 15 0.18119 13.439
1 5 1 16 0.15398 10.207
1 5 2 16 0.17186 13.399
1 5 1 17 0.1465 10.179
1 5 2 17 0.16381 13.378
1 5 1 18 0.13972 10.168
1 5 2 18 0.15644 13.349
1 5 1 19 0.13358 10.155
1 5 2 19 0.1499 13.331
1 5 1 20 0.12792 10.133
1 5 2 20 0.14367 13.309
1 5 1 21 0.12281 10.127
1 5 2 21 0.13791 13.277
1 5 1 22 0.11806 10.108
1 5 2 22 0.13281 13.265
1 5 1 23 0.11365 10.087
1 5 2 23 0.12809 13.254
1 5 1 24 0.10956 10.071
1 5 2 24 0.1235 13.243
1 5 1 25 0.10573 10.063
1 5 2 25 0.11923 13.228
1 5 1 26 0.1022 10.054
1 5 2 26 0.11527 13.215
1 5 1 27 0.098914 10.052
1 5 2 27 0.1117 13.2
1 5 1 28 0.095773 10.04
1 5 2 28 0.1082 13.187
1 5 1 29 0.092875 10.029
1 5 2 29 0.105 13.173
1 5 1 30 0.090227 10.026
1 5 2 30 0.10205 13.162
1 5 1 31 0.087637 10.019
1 5 2 31 0.099227 13.152
1 5 1 32 0.085172 10.009
1 5 2 32 0.096539 13.142
1 5 1 33 0.082816 9.9884
1 5 2 33 0.093953 13.135
1 5 1 34 0.08068 9.9938
1 5 2 34 0.091531 13.129
1 5 1 35 0.07857 9.9903
1 5 2 35 0.089242 13.117
1 5 1 36 0.076633 9.9875
1 5 2 36 0.087043 13.11
1 5 1 37 0.074711 9.9753
1 5 2 37 0.084949 13.103
1 5 1 38 0.072953 9.9692
1 5 2 38 0.082938 13.098
1 5 1 39 0.07125 9.9578
1 5 2 39 0.081109 13.089
1 5 1 40 0.069625 9.9546
1 5 2 40 0.07925 13.075
1 5 1 41 0.068125 9.9524
1 5 2 41 0.077531 13.068
1 5 1 42 0.066641 9.9443
1 5 2 42 0.075883 13.068
1 5 1 43 0.065172 9.9372
1 5 2 43 0.074293 13.059
1 5 1 44 0.063859 9.9343
1 5 2 44 0.072781 13.051
1 5 1 45 0.062563 9.934
1 5 2 45 0.071324 13.055
1 5 1 46 0.061328 9.929
1 5 2 46 0.069949 13.05
1 5 1 47 0.060078 9.9293
1 5 2 47 0.068625 13.043
1 5 1 48 0.058953 9.9298
1 5 2 48 0.067318 13.044
1 5 1 49 0.057828 9.9296
1 5 2 49 0.066063 13.035
1 5 1 50 0.056766 9.9207
1 5 2 50 0.06482 13.026
1 10 1 1 1.5932 17.301
1 10 2 1 1.0834 19.222
1 10 1 2 0.989 14.741
1 10 2 2 1.0834 19.222
1 10 1 3 0.74688 13.702
1 10 2 3 0.83644 18.046
1 10 1 4 0.60678 13.116
1 10 2 4 0.68903 17.347
1 10 1 5 0.51483 12.709
1 10 2 5 0.58981 16.854
1 10 1 6 0.44925 12.434
1 10 2 6 0.51661 16.482
1 10 1 7 0.39916 12.243
1 10 2 7 0.46127 16.223
1 10 1 8 0.35975 12.07
1 10 2 8 0.41677 16.015
1 10 1 9 0.32842 11.954
1 10 2 9 0.381 15.84
1 10 1 10 0.30202 11.847
1 10 2 10 0.35105 15.705
1 10 1 11 0.27975 11.75
1 10 2 11 0.32521 15.569
1 10 1 12 0.26058 11.673
1 10 2 12 0.30356 15.469
1 10 1 13 0.24398 11.608
1 10 2 13 0.28447 15.372
1 10 1 14 0.22934 11.557
1 10 2 14 0.26779 15.289
1 10 1 15 0.21678 11.514
1 10 2 15 0.25291 15.216
1 10 1 16 0.20534 11.471
1 10 2 16 0.23973 15.152
1 10 1 17 0.19515 11.435
1 10 2 17 0.22803 15.092
1 10 1 18 0.18592 11.402
1 10 2 18 0.2173 15.044
1 10 1 19 0.17753 11.372
1 10 2 19 0.20757 14.992
1 10 1 20 0.16994 11.346
1 10 2 20 0.1989 14.959
1 10 1 21 0.16306 11.324
1 10 2 21 0.19081 14.92
1 10 1 22 0.15659 11.299
1 10 2 22 0.18316 14.879
1 10 1 23 0.15073 11.274
1 10 2 23 0.17638 14.857
1 10 1 24 0.14519 11.249
1 10 2 24 0.17 14.823
1 10 1 25 0.1402 11.227
1 10 2 25 0.16409 14.801
1 10 1 26 0.13544 11.214
1 10 2 26 0.15856 14.774
1 10 1 27 0.13106 11.206
1 10 2 27 0.15328 14.755
1 10 1 28 0.12693 11.184
1 10 2 28 0.14841 14.722
1 10 1 29 0.12307 11.168
1 10 2 29 0.14388 14.71
1 10 1 30 0.11937 11.157
1 10 2 30 0.13967 14.687
1 10 1 31 0.11596 11.148
1 10 2 31 0.13566 14.664
1 10 1 32 0.1127 11.142
1 10 2 32 0.13188 14.642
1 10 1 33 0.10966 11.132
1 10 2 33 0.12835 14.627
1 10 1 34 0.10675 11.129
1 10 2 34 0.12489 14.608
1 10 1 35 0.10402 11.118
1 10 2 35 0.12171 14.588
1 10 1 36 0.10143 11.103
1 10 2 36 0.1186 14.568
1 10 1 37 0.098977 11.093
1 10 2 37 0.11573 14.564
1 10 1 38 0.096629 11.084
1 10 2 38 0.11297 14.547
1 10 1 39 0.094375 11.084
1 10 2 39 0.11039 14.536
1 10 1 40 0.092156 11.075
1 10 2 40 0.10791 14.531
1 10 1 41 0.090156 11.071
1 10 2 41 0.1055 14.508
1 10 1 42 0.088195 11.058
1 10 2 42 0.10322 14.508
1 10 1 43 0.086336 11.05
1 10 2 43 0.101 14.495
1 10 1 44 0.084531 11.04
1 10 2 44 0.098867 14.483
1 10 1 45 0.082801 11.036
1 10 2 45 0.096852 14.475
1 10 1 46 0.081156 11.03
1 10 2 46 0.094914 14.46
1 10 1 47 0.079547 11.025
1 10 2 47 0.09307 14.456
1 10 1 48 0.078016 11.022
1 10 2 48 0.091316 14.45
1 10 1 49 0.076578 11.018
1 10 2 49 0.089609 14.445
1 10 1 50 0.075145 11.012
1 10 2 50 0.087938 14.428
1 15 1 1 2.3541 22.378
1 15 2 1 1.5106 23.163
1 15 1 2 1.3124 17.582
1 15 2 2 1.5106 23.163
1 15 1 3 0.94928 15.797
1 15 2 3 1.1093 21.008
1 15 1 4 0.75359 14.845
1 15 2 4 0.88825 19.808
1 15 1 5 0.62897 14.205
1 15 2 5 0.74506 18.975
1 15 1 6 0.542 13.772
1 15 2 6 0.64563 18.419
1 15 1 7 0.47794 13.469
1 15 2 7 0.57078 17.999
1 15 1 8 0.42803 13.208
1 15 2 8 0.51153 17.665
1 15 1 9 0.38764 13
1 15 2 9 0.46464 17.401
1 15 1 10 0.35509 12.857
1 15 2 10 0.42563 17.181
1 15 1 11 0.32747 12.708
1 15 2 11 0.393 16.997
1 15 1 12 0.30408 12.596
1 15 2 12 0.36539 16.835
1 15 1 13 0.28403 12.499
1 15 2 13 0.34127 16.706
1 15 1 14 0.26654 12.418
1 15 2 14 0.32017 16.57
1 15 1 15 0.25122 12.349
1 15 2 15 0.3019 16.463
1 15 1 16 0.23734 12.283
1 15 2 16 0.28575 16.372
1 15 1 17 0.22531 12.237
1 15 2 17 0.27131 16.285
1 15 1 18 0.21444 12.189
1 15 2 18 0.25784 16.205
1 15 1 19 0.20455 12.131
1 15 2 19 0.24606 16.138
1 15 1 20 0.19556 12.106
1 15 2 20 0.23514 16.061
1 15 1 21 0.18734 12.073
1 15 2 21 0.22531 16.008
1 15 1 22 0.17987 12.035
1 15 2 22 0.21623 15.964
1 15 1 23 0.17293 12
1 15 2 23 0.20785 15.913
1 15 1 24 0.1665 11.958
1 15 2 24 0.20013 15.873
1 15 1 25 0.16063 11.931
1 15 2 25 0.19301 15.84
1 15 1 26 0.15506 11.907
1 15 2 26 0.18641 15.795
1 15 1 27 0.14998 11.891
1 15 2 27 0.18016 15.777
1 15 1 28 0.14514 11.864
1 15 2 28 0.17438 15.74
1 15 1 29 0.14061 11.855
1 15 2 29 0.16897 15.71
1 15 1 30 0.13641 11.841
1 15 2 30 0.16392 15.686
1 15 1 31 0.1325 11.823
1 15 2 31 0.15906 15.646
1 15 1 32 0.12874 11.811
1 15 2 32 0.15459 15.62
1 15 1 33 0.12517 11.8
1 15 2 33 0.15039 15.593
1 15 1 34 0.12188 11.794
1 15 2 34 0.14633 15.564
1 15 1 35 0.1187 11.781
1 15 2 35 0.14244 15.543
1 15 1 36 0.1157 11.768
1 15 2 36 0.13888 15.521
1 15 1 37 0.11289 11.754
1 15 2 37 0.13545 15.503
1 15 1 38 0.11018 11.742
1 15 2 38 0.13214 15.488
1 15 1 39 0.10759 11.733
1 15 2 39 0.12902 15.467
1 15 1 40 0.10514 11.731
1 15 2 40 0.12601 15.456
1 15 1 41 0.10275 11.718
1 15 2 41 0.12323 15.438
1 15 1 42 0.1005 11.702
1 15 2 42 0.12054 15.429
1 15 1 43 0.098359 11.691
1 15 2 43 0.11794 15.414
1 15 1 44 0.096313 11.682
1 15 2 44 0.11544 15.398
1 15 1 45 0.094344 11.673
1 15 2 45 0.11308 15.389
1 15 1 46 0.092496 11.668
1 15 2 46 0.11081 15.368
1 15 1 47 0.090684 11.659
1 15 2 47 0.10861 15.356
1 15 1 48 0.088926 11.654
1 15 2 48 0.10652 15.345
1 15 1 49 0.087188 11.644
1 15 2 49 0.10448 15.336
1 15 1 50 0.085609 11.644
1 15 2 50 0.10255 15.322
1 20 1 1 3.216 28.128
1 20 2 1 1.9464 27.184
1 20 1 2 1.6368 20.477
1 20 2 2 1.9464 27.184
1 20 1 3 1.1392 17.815
1 20 2 3 1.3695 23.871
1 20 1 4 0.88694 16.443
1 20 2 4 1.0719 22.094
1 20 1 5 0.72981 15.562
1 20 2 5 0.88441 20.909
1 20 1 6 0.623 14.963
1 20 2 6 0.75684 20.118
1 20 1 7 0.54463 14.532
1 20 2 7 0.66391 19.538
1 20 1 8 0.48481 14.181
1 20 2 8 0.59183 19.116
1 20 1 9 0.43769 13.918
1 20 2 9 0.53452 18.741
1 20 1 10 0.39884 13.696
1 20 2 10 0.48777 18.449
1 20 1 11 0.36666 13.515
1 20 2 11 0.44848 18.188
1 20 1 12 0.33956 13.369
1 20 2 12 0.41569 17.977
1 20 1 13 0.31646 13.24
1 20 2 13 0.38727 17.787
1 20 1 14 0.2962 13.128
1 20 2 14 0.36269 17.63
1 20 1 15 0.27856 13.028
1 20 2 15 0.34106 17.472
1 20 1 16 0.26283 12.939
1 20 2 16 0.32195 17.344
1 20 1 17 0.24891 12.869
1 20 2 17 0.30489 17.231
1 20 1 18 0.2365 12.799
1 20 2 18 0.28976 17.133
1 20 1 19 0.22531 12.732
1 20 2 19 0.27613 17.039
1 20 1 20 0.21506 12.68
1 20 2 20 0.26356 16.964
1 20 1 21 0.2058 12.639
1 20 2 21 0.25228 16.884
1 20 1 22 0.19738 12.594
1 20 2 22 0.24184 16.814
1 20 1 23 0.1897 12.553
1 20 2 23 0.23245 16.759
1 20 1 24 0.1825 12.505
1 20 2 24 0.22361 16.702
1 20 1 25 0.17582 12.465
1 20 2 25 0.21544 16.651
1 20 1 26 0.16966 12.43
1 20 2 26 0.20784 16.601
1 20 1 27 0.164 12.407
1 20 2 27 0.20081 16.565
1 20 1 28 0.15867 12.384
1 20 2 28 0.19428 16.523
1 20 1 29 0.15359 12.361
1 20 2 29 0.18803 16.481
1 20 1 30 0.14891 12.345
1 20 2 30 0.18228 16.443
1 20 1 31 0.1445 12.323
1 20 2 31 0.17688 16.406
1 20 1 32 0.14038 12.301
1 20 2 32 0.17173 16.364
1 20 1 33 0.13645 12.289
1 20 2 33 0.16696 16.331
1 20 1 34 0.13269 12.273
1 20 2 34 0.16238 16.292
1 20 1 35 0.12925 12.262
1 20 2 35 0.15808 16.267
1 20 1 36 0.12592 12.245
1 20 2 36 0.15403 16.238
1 20 1 37 0.12278 12.225
1 20 2 37 0.15016 16.222
1 20 1 38 0.11982 12.214
1 20 2 38 0.1465 16.197
1 20 1 39 0.11698 12.203
1 20 2 39 0.14298 16.175
1 20 1 40 0.11426 12.188
1 20 2 40 0.13968 16.159
1 20 1 41 0.11169 12.177
1 20 2 41 0.13656 16.147
1 20 1 42 0.10923 12.158
1 20 2 42 0.13352 16.134
1 20 1 43 0.10687 12.15
1 20 2 43 0.13053 16.104
1 20 1 44 0.10461 12.136
1 20 2 44 0.12779 16.083
1 20 1 45 0.10245 12.126
1 20 2 45 0.12512 16.075
1 20 1 46 0.10037 12.112
1 20 2 46 0.12262 16.057
1 20 1 47 0.098391 12.104
1 20 2 47 0.12018 16.038
1 20 1 48 0.096484 12.094
1 20 2 48 0.1178 16.021
1 20 1 49 0.094637 12.088
1 20 2 49 0.11557 16.013
1 20 1 50 0.092875 12.086
1 20 2 50 0.11338 16.003
2 1 1 1 0.14784 6.2357
2 1 2 1 0.11175 8.7373
2 1 1 2 0.12028 6.2122
2 1 2 2 0.11175 8.7373
2 1 1 3 0.10166 6.1992
2 1 2 3 0.098438 8.7335
2 1 1 4 0.0885 6.1903
2 1 2 4 0.087063 8.7223
2 1 1 5 0.078063 6.1783
2 1 2 5 0.077828 8.708
2 1 1 6 0.070063 6.1705
2 1 2 6 0.070922 8.7067
2 1 1 7 0.063688 6.1708
2 1 2 7 0.064906 8.7045
2 1 1 8 0.058266 6.1652
2 1 2 8 0.05975 8.6957
2 1 1 9 0.053516 6.1588
2 1 2 9 0.055484 8.6924
2 1 1 10 0.049656 6.1574
2 1 2 10 0.051875 8.689
2 1 1 11 0.0465 6.1564
2 1 2 11 0.048406 8.6828
2 1 1 12 0.043563 6.1522
2 1 2 12 0.045758 8.6826
2 1 1 13 0.041078 6.1544
2 1 2 13 0.043047 8.681
2 1 1 14 0.038625 6.1488
2 1 2 14 0.040766 8.676
2 1 1 15 0.036609 6.1498
2 1 2 15 0.038781 8.6787
2 1 1 16 0.034789 6.1485
2 1 2 16 0.037063 8.6799
2 1 1 17 0.033125 6.1472
2 1 2 17 0.035438 8.6789
2 1 1 18 0.031625 6.1479
2 1 2 18 0.033969 8.6796
2 1 1 19 0.03025 6.1474
2 1 2 19 0.032484 8.6749
2 1 1 20 0.028953 6.1458
2 1 2 20 0.031078 8.6711
2 1 1 21 0.027875 6.1465
2 1 2 21 0.029859 8.6682
2 1 1 22 0.026813 6.1464
2 1 2 22 0.028844 8.6674
2 1 1 23 0.02575 6.1429
2 1 2 23 0.027813 8.6667
2 1 1 24 0.024828 6.1433
2 1 2 24 0.026898 8.6682
2 1 1 25 0.023984 6.1437
2 1 2 25 0.026 8.6688
2 1 1 26 0.023258 6.1445
2 1 2 26 0.025203 8.6668
2 1 1 27 0.022461 6.1425
2 1 2 27 0.02443 8.668
2 1 1 28 0.021734 6.1401
2 1 2 28 0.023672 8.666
2 1 1 29 0.02107 6.1424
2 1 2 29 0.022938 8.6643
2 1 1 30 0.020461 6.1424
2 1 2 30 0.022328 8.6654
2 1 1 31 0.019867 6.1399
2 1 2 31 0.021727 8.6689
2 1 1 32 0.019313 6.1411
2 1 2 32 0.021141 8.667
2 1 1 33 0.01875 6.139
2 1 2 33 0.020594 8.6652
2 1 1 34 0.018273 6.1383
2 1 2 34 0.020086 8.6671
2 1 1 35 0.017859 6.1404
2 1 2 35 0.019605 8.6662
2 1 1 36 0.017375 6.1397
2 1 2 36 0.019141 8.6686
2 1 1 37 0.016969 6.1385
2 1 2 37 0.018664 8.6657
2 1 1 38 0.016563 6.1393
2 1 2 38 0.018223 8.6655
2 1 1 39 0.016156 6.1378
2 1 2 39 0.017813 8.6659
2 1 1 40 0.015781 6.136
2 1 2 40 0.017398 8.6647
2 1 1 41 0.015418 6.1351
2 1 2 41 0.016992 8.6612
2 1 1 42 0.015113 6.137
2 1 2 42 0.016648 8.6625
2 1 1 43 0.014781 6.1365
2 1 2 43 0.01632 8.6618
2 1 1 44 0.014438 6.1354
2 1 2 44 0.015969 8.6598
2 1 1 45 0.01418 6.1365
2 1 2 45 0.015648 8.657
2 1 1 46 0.013906 6.1366
2 1 2 46 0.015379 8.6584
2 1 1 47 0.013648 6.1386
2 1 2 47 0.015078 8.6569
2 1 1 48 0.013402 6.1385
2 1 2 48 0.014793 8.6542
2 1 1 49 0.013148 6.1396
2 1 2 49 0.014531 8.6545
2 1 1 50 0.012895 6.1382
2 1 2 50 0.01425 8.6537
2 2 1 1 0.28019 6.9546
2 2 2 1 0.21244 9.5286
2 2 1 2 0.22025 6.8744
2 2 2 2 0.21244 9.5286
2 2 1 3 0.18338 6.827
2 2 2 3 0.18228 9.484
2 2 1 4 0.15741 6.7982
2 2 2 4 0.15958 9.4506
2 2 1 5 0.13834 6.7727
2 2 2 5 0.14244 9.4272
2 2 1 6 0.12355 6.754
2 2 2 6 0.12856 9.4065
2 2 1 7 0.11145 6.7467
2 2 2 7 0.11694 9.3859
2 2 1 8 0.10175 6.7363
2 2 2 8 0.1075 9.3766
2 2 1 9 0.0935 6.7274
2 2 2 9 0.09975 9.3691
2 2 1 10 0.0865 6.7144
2 2 2 10 0.092781 9.357
2 2 1 11 0.080563 6.7065
2 2 2 11 0.086828 9.3478
2 2 1 12 0.075266 6.6975
2 2 2 12 0.081625 9.347
2 2 1 13 0.070625 6.6901
2 2 2 13 0.07693 9.3404
2 2 1 14 0.066688 6.6888
2 2 2 14 0.072688 9.3325
2 2 1 15 0.063188 6.6899
2 2 2 15 0.068969 9.3312
2 2 1 16 0.060063 6.6843
2 2 2 16 0.065648 9.3228
2 2 1 17 0.057125 6.6807
2 2 2 17 0.062664 9.3209
2 2 1 18 0.054438 6.6753
2 2 2 18 0.059906 9.3168
2 2 1 19 0.052148 6.6763
2 2 2 19 0.057344 9.3134
2 2 1 20 0.049906 6.6717
2 2 2 20 0.055047 9.3075
2 2 1 21 0.047859 6.6686
2 2 2 21 0.052906 9.3046
2 2 1 22 0.046063 6.6678
2 2 2 22 0.050906 9.2987
2 2 1 23 0.04425 6.6649
2 2 2 23 0.048977 9.2928
2 2 1 24 0.042703 6.6637
2 2 2 24 0.047313 9.2901
2 2 1 25 0.041219 6.6614
2 2 2 25 0.045781 9.2892
2 2 1 26 0.039789 6.6583
2 2 2 26 0.044313 9.2852
2 2 1 27 0.038465 6.657
2 2 2 27 0.04293 9.2826
2 2 1 28 0.037234 6.6551
2 2 2 28 0.041625 9.2818
2 2 1 29 0.036039 6.6553
2 2 2 29 0.040438 9.2811
2 2 1 30 0.035031 6.657
2 2 2 30 0.03925 9.2794
2 2 1 31 0.034047 6.657
2 2 2 31 0.038129 9.2776
2 2 1 32 0.033063 6.657
2 2 2 32 0.037109 9.2777
2 2 1 33 0.032156 6.6541
2 2 2 33 0.036172 9.2792
2 2 1 34 0.031273 6.6522
2 2 2 34 0.035188 9.2796
2 2 1 35 0.030492 6.6504
2 2 2 35 0.034359 9.2775
2 2 1 36 0.029719 6.6497
2 2 2 36 0.0335 9.277
2 2 1 37 0.029027 6.6511
2 2 2 37 0.032676 9.273
2 2 1 38 0.028313 6.6485
2 2 2 38 0.031887 9.2733
2 2 1 39 0.027625 6.6456
2 2 2 39 0.031188 9.273
2 2 1 40 0.02698 6.6417
2 2 2 40 0.030516 9.2715
2 2 1 41 0.026406 6.6405
2 2 2 41 0.029844 9.2692
2 2 1 42 0.025852 6.6409
2 2 2 42 0.029211 9.2698
2 2 1 43 0.025344 6.6455
2 2 2 43 0.028641 9.271
2 2 1 44 0.024793 6.6424
2 2 2 44 0.028047 9.2681
2 2 1 45 0.024313 6.6446
2 2 2 45 0.027438 9.2622
2 2 1 46 0.023813 6.6426
2 2 2 46 0.026875 9.2609
2 2 1 47 0.023375 6.6438
2 2 2 47 0.026375 9.2599
2 2 1 48 0.022922 6.6437
2 2 2 48 0.025906 9.262
2 2 1 49 0.022438 6.6394
2 2 2 49 0.025438 9.2588
2 2 1 50 0.022016 6.6394
2 2 2 50 0.024953 9.2565
2 5 1 1 0.645 8.9365
2 5 2 1 0.46888 11.544
2 5 1 2 0.45956 8.497
2 5 2 2 0.46888 11.544
2 5 1 3 0.36569 8.3053
2 5 2 3 0.38406 11.313
2 5 1 4 0.30619 8.1769
2 5 2 4 0.32825 11.179
2 5 1 5 0.26428 8.085
2 5 2 5 0.28675 11.069
2 5 1 6 0.23269 8.005
2 5 2 6 0.25484 10.983
2 5 1 7 0.20895 7.9621
2 5 2 7 0.22994 10.929
2 5 1 8 0.1893 7.9249
2 5 2 8 0.20916 10.877
2 5 1 9 0.1735 7.8987
2 5 2 9 0.19216 10.835
2 5 1 10 0.15992 7.8771
2 5 2 10 0.1779 10.795
2 5 1 11 0.14863 7.8545
2 5 2 11 0.16577 10.766
2 5 1 12 0.13875 7.8387
2 5 2 12 0.155 10.736
2 5 1 13 0.13 7.8156
2 5 2 13 0.14603 10.713
2 5 1 14 0.12222 7.7935
2 5 2 14 0.13784 10.7
2 5 1 15 0.11556 7.7827
2 5 2 15 0.13038 10.678
2 5 1 16 0.10941 7.769
2 5 2 16 0.12359 10.655
2 5 1 17 0.104 7.7623
2 5 2 17 0.11763 10.638
2 5 1 18 0.099078 7.7508
2 5 2 18 0.1123 10.627
2 5 1 19 0.094609 7.7414
2 5 2 19 0.10748 10.615
2 5 1 20 0.090586 7.7308
2 5 2 20 0.10291 10.601
2 5 1 21 0.086867 7.7226
2 5 2 21 0.098719 10.594
2 5 1 22 0.083383 7.7144
2 5 2 22 0.095 10.584
2 5 1 23 0.08025 7.7118
2 5 2 23 0.0915 10.578
2 5 1 24 0.077227 7.7
2 5 2 24 0.088234 10.566
2 5 1 25 0.074438 7.6915
2 5 2 25 0.085188 10.557
2 5 1 26 0.071844 7.6861
2 5 2 26 0.082383 10.55
2 5 1 27 0.069477 7.6876
2 5 2 27 0.079734 10.545
2 5 1 28 0.06732 7.6858
2 5 2 28 0.07725 10.539
2 5 1 29 0.065203 7.6792
2 5 2 29 0.074906 10.531
2 5 1 30 0.063266 7.6738
2 5 2 30 0.072734 10.527
2 5 1 31 0.061344 7.6631
2 5 2 31 0.070707 10.523
2 5 1 32 0.059602 7.662
2 5 2 32 0.068727 10.515
2 5 1 33 0.05793 7.6601
2 5 2 33 0.066875 10.512
2 5 1 34 0.056406 7.6547
2 5 2 34 0.065133 10.51
2 5 1 35 0.054906 7.6488
2 5 2 35 0.063477 10.506
2 5 1 36 0.053516 7.6506
2 5 2 36 0.061914 10.504
2 5 1 37 0.052203 7.651
2 5 2 37 0.060477 10.501
2 5 1 38 0.050922 7.6469
2 5 2 38 0.059 10.495
2 5 1 39 0.04975 7.6435
2 5 2 39 0.057617 10.494
2 5 1 40 0.048594 7.6423
2 5 2 40 0.056297 10.489
2 5 1 41 0.047516 7.6393
2 5 2 41 0.055063 10.486
2 5 1 42 0.046457 7.6356
2 5 2 42 0.053867 10.482
2 5 1 43 0.045438 7.6349
2 5 2 43 0.052711 10.478
2 5 1 44 0.0445 7.6314
2 5 2 44 0.051637 10.475
2 5 1 45 0.043578 7.6266
2 5 2 45 0.050625 10.474
2 5 1 46 0.042672 7.6251
2 5 2 46 0.04959 10.47
2 5 1 47 0.041805 7.622
2 5 2 47 0.048594 10.469
2 5 1 48 0.041016 7.6247
2 5 2 48 0.047703 10.466
2 5 1 49 0.040266 7.6208
2 5 2 49 0.046738 10.456
2 5 1 50 0.0395 7.6194
2 5 2 50 0.04592 10.462
2 10 1 1 1.2371 12.153
2 10 2 1 0.84294 14.484
2 10 1 2 0.76372 10.673
2 10 2 2 0.84294 14.484
2 10 1 3 0.5758 10.095
2 10 2 3 0.65038 13.771
2 10 1 4 0.46669 9.7515
2 10 2 4 0.53525 13.362
2 10 1 5 0.39519 9.5175
2 10 2 5 0.457 13.077
2 10 1 6 0.34406 9.3553
2 10 2 6 0.40038 12.869
2 10 1 7 0.30541 9.2352
2 10 2 7 0.35694 12.724
2 10 1 8 0.27473 9.1529
2 10 2 8 0.32206 12.598
2 10 1 9 0.25022 9.0836
2 10 2 9 0.29394 12.487
2 10 1 10 0.22994 9.0329
2 10 2 10 0.27047 12.405
2 10 1 11 0.21281 8.9778
2 10 2 11 0.25063 12.329
2 10 1 12 0.19803 8.9374
2 10 2 12 0.23369 12.277
2 10 1 13 0.1853 8.8961
2 10 2 13 0.21863 12.219
2 10 1 14 0.17406 8.8655
2 10 2 14 0.20555 12.173
2 10 1 15 0.16434 8.8431
2 10 2 15 0.1942 12.136
2 10 1 16 0.15548 8.8151
2 10 2 16 0.18391 12.096
2 10 1 17 0.14759 8.7948
2 10 2 17 0.17466 12.063
2 10 1 18 0.14055 8.7772
2 10 2 18 0.16638 12.029
2 10 1 19 0.13414 8.757
2 10 2 19 0.15879 11.995
2 10 1 20 0.12833 8.7474
2 10 2 20 0.152 11.974
2 10 1 21 0.12313 8.734
2 10 2 21 0.14575 11.954
2 10 1 22 0.11814 8.719
2 10 2 22 0.13988 11.933
2 10 1 23 0.11363 8.7122
2 10 2 23 0.13453 11.914
2 10 1 24 0.10942 8.7031
2 10 2 24 0.12963 11.896
2 10 1 25 0.10556 8.6899
2 10 2 25 0.12506 11.879
2 10 1 26 0.10191 8.6803
2 10 2 26 0.12072 11.856
2 10 1 27 0.098531 8.6727
2 10 2 27 0.11663 11.837
2 10 1 28 0.095379 8.6638
2 10 2 28 0.11294 11.822
2 10 1 29 0.092375 8.6549
2 10 2 29 0.10944 11.809
2 10 1 30 0.089559 8.6489
2 10 2 30 0.10619 11.799
2 10 1 31 0.086969 8.6429
2 10 2 31 0.1031 11.788
2 10 1 32 0.084531 8.636
2 10 2 32 0.10019 11.776
2 10 1 33 0.082188 8.631
2 10 2 33 0.097438 11.775
2 10 1 34 0.079977 8.6245
2 10 2 34 0.09482 11.766
2 10 1 35 0.077938 8.6228
2 10 2 35 0.092328 11.754
2 10 1 36 0.075891 8.6098
2 10 2 36 0.09 11.746
2 10 1 37 0.074055 8.6098
2 10 2 37 0.087777 11.737
2 10 1 38 0.072234 8.6074
2 10 2 38 0.085707 11.735
2 10 1 39 0.070563 8.6025
2 10 2 39 0.083734 11.729
2 10 1 40 0.068926 8.5945
2 10 2 40 0.081781 11.721
2 10 1 41 0.067336 8.588
2 10 2 41 0.079922 11.714
2 10 1 42 0.065863 8.5865
2 10 2 42 0.078148 11.705
2 10 1 43 0.064441 8.5862
2 10 2 43 0.076461 11.697
2 10 1 44 0.063016 8.5749
2 10 2 44 0.074844 11.689
2 10 1 45 0.06175 8.5744
2 10 2 45 0.07327 11.681
2 10 1 46 0.060551 8.5747
2 10 2 46 0.071789 11.672
2 10 1 47 0.059336 8.569
2 10 2 47 0.070402 11.671
2 10 1 48 0.058156 8.5688
2 10 2 48 0.069063 11.665
2 10 1 49 0.057061 8.5616
2 10 2 49 0.067797 11.665
2 10 1 50 0.056012 8.559
2 10 2 50 0.066531 11.663
2 15 1 1 1.8675 15.578
2 15 2 1 1.2062 17.339
2 15 1 2 1.0323 12.647
2 15 2 2 1.2062 17.339
2 15 1 3 0.74478 11.598
2 15 2 3 0.88469 15.971
2 15 1 4 0.59025 11.019
2 15 2 4 0.70706 15.232
2 15 1 5 0.4918 10.625
2 15 2 5 0.5925 14.719
2 15 1 6 0.42316 10.368
2 15 2 6 0.51269 14.359
2 15 1 7 0.37281 10.173
2 15 2 7 0.4528 14.121
2 15 1 8 0.33364 10.034
2 15 2 8 0.40573 13.907
2 15 1 9 0.30214 9.9179
2 15 2 9 0.36836 13.731
2 15 1 10 0.27638 9.8276
2 15 2 10 0.33725 13.599
2 15 1 11 0.25483 9.7384
2 15 2 11 0.31091 13.476
2 15 1 12 0.23644 9.6705
2 15 2 12 0.28875 13.38
2 15 1 13 0.22077 9.6174
2 15 2 13 0.26961 13.307
2 15 1 14 0.20711 9.571
2 15 2 14 0.25291 13.232
2 15 1 15 0.19513 9.5314
2 15 2 15 0.23834 13.167
2 15 1 16 0.18434 9.4876
2 15 2 16 0.22534 13.111
2 15 1 17 0.17478 9.4596
2 15 2 17 0.21372 13.054
2 15 1 18 0.16634 9.432
2 15 2 18 0.20324 13.006
2 15 1 19 0.15853 9.405
2 15 2 19 0.19385 12.962
2 15 1 20 0.15152 9.3854
2 15 2 20 0.18513 12.92
2 15 1 21 0.14511 9.3616
2 15 2 21 0.1774 12.887
2 15 1 22 0.13921 9.3423
2 15 2 22 0.17013 12.86
2 15 1 23 0.13389 9.3313
2 15 2 23 0.16348 12.829
2 15 1 24 0.12888 9.3218
2 15 2 24 0.15741 12.803
2 15 1 25 0.12423 9.3013
2 15 2 25 0.15171 12.776
2 15 1 26 0.11994 9.2843
2 15 2 26 0.14642 12.75
2 15 1 27 0.11599 9.2762
2 15 2 27 0.14152 12.73
2 15 1 28 0.11223 9.2686
2 15 2 28 0.13691 12.714
2 15 1 29 0.10876 9.2574
2 15 2 29 0.13264 12.695
2 15 1 30 0.10547 9.245
2 15 2 30 0.12856 12.672
2 15 1 31 0.10238 9.236
2 15 2 31 0.12476 12.659
2 15 1 32 0.099438 9.2285
2 15 2 32 0.12122 12.641
2 15 1 33 0.096684 9.2262
2 15 2 33 0.11781 12.63
2 15 1 34 0.094086 9.2164
2 15 2 34 0.11462 12.616
2 15 1 35 0.091602 9.2045
2 15 2 35 0.11155 12.599
2 15 1 36 0.089301 9.1966
2 15 2 36 0.10871 12.585
2 15 1 37 0.087063 9.1959
2 15 2 37 0.10603 12.578
2 15 1 38 0.084961 9.1885
2 15 2 38 0.1034 12.569
2 15 1 39 0.082938 9.1792
2 15 2 39 0.10093 12.555
2 15 1 40 0.081023 9.1725
2 15 2 40 0.098594 12.545
2 15 1 41 0.079184 9.1669
2 15 2 41 0.096344 12.532
2 15 1 42 0.07743 9.1612
2 15 2 42 0.094219 12.523
2 15 1 43 0.075758 9.1628
2 15 2 43 0.09218 12.512
2 15 1 44 0.074141 9.1543
2 15 2 44 0.090215 12.504
2 15 1 45 0.072629 9.1448
2 15 2 45 0.088359 12.495
2 15 1 46 0.071188 9.1473
2 15 2 46 0.086559 12.489
2 15 1 47 0.069789 9.1424
2 15 2 47 0.084844 12.482
2 15 1 48 0.068445 9.1388
2 15 2 48 0.08318 12.472
2 15 1 49 0.067109 9.1344
2 15 2 49 0.081602 12.467
2 15 1 50 0.065863 9.1299
2 15 2 50 0.080078 12.463
2 20 1 1 2.5919 19.513
2 20 2 1 1.5787 20.266
2 20 1 2 1.3017 14.658
2 20 2 2 1.5787 20.266
2 20 1 3 0.90225 13.036
2 20 2 3 1.1078 18.108
2 20 1 4 0.70106 12.186
2 20 2 4 0.86569 16.97
2 20 1 5 0.57625 11.633
2 20 2 5 0.71353 16.221
2 20 1 6 0.4915 11.259
2 20 2 6 0.61013 15.683
2 20 1 7 0.42931 10.976
2 20 2 7 0.53425 15.32
2 20 1 8 0.38181 10.769
2 20 2 8 0.476 15.03
2 20 1 9 0.34459 10.614
2 20 2 9 0.42984 14.789
2 20 1 10 0.31406 10.488
2 20 2 10 0.39194 14.596
2 20 1 11 0.28859 10.363
2 20 2 11 0.36056 14.431
2 20 1 12 0.26714 10.279
2 20 2 12 0.33386 14.308
2 20 1 13 0.2488 10.199
2 20 2 13 0.31086 14.2
2 20 1 14 0.23281 10.131
2 20 2 14 0.29094 14.103
2 20 1 15 0.21883 10.063
2 20 2 15 0.27353 14.005
2 20 1 16 0.20648 10.014
2 20 2 16 0.25807 13.926
2 20 1 17 0.19563 9.9776
2 20 2 17 0.24438 13.852
2 20 1 18 0.18579 9.9355
2 20 2 18 0.2321 13.788
2 20 1 19 0.17691 9.9016
2 20 2 19 0.22109 13.73
2 20 1 20 0.16892 9.8742
2 20 2 20 0.21106 13.68
2 20 1 21 0.16158 9.8459
2 20 2 21 0.20184 13.626
2 20 1 22 0.15494 9.8164
2 20 2 22 0.19356 13.593
2 20 1 23 0.14881 9.7973
2 20 2 23 0.18588 13.556
2 20 1 24 0.14315 9.7778
2 20 2 24 0.17883 13.512
2 20 1 25 0.13788 9.755
2 20 2 25 0.17228 13.477
2 20 1 26 0.13307 9.7327
2 20 2 26 0.16622 13.45
2 20 1 27 0.12856 9.7224
2 20 2 27 0.16047 13.423
2 20 1 28 0.12438 9.7098
2 20 2 28 0.15523 13.4
2 20 1 29 0.12042 9.6903
2 20 2 29 0.15023 13.367
2 20 1 30 0.11672 9.6784
2 20 2 30 0.14556 13.343
2 20 1 31 0.11331 9.6639
2 20 2 31 0.14122 13.329
2 20 1 32 0.11001 9.6522
2 20 2 32 0.13711 13.301
2 20 1 33 0.10693 9.6492
2 20 2 33 0.13323 13.288
2 20 1 34 0.104 9.6324
2 20 2 34 0.12961 13.269
2 20 1 35 0.10124 9.6186
2 20 2 35 0.12613 13.252
2 20 1 36 0.098625 9.6107
2 20 2 36 0.12291 13.236
2 20 1 37 0.096172 9.6037
2 20 2 37 0.11982 13.218
2 20 1 38 0.093867 9.6006
2 20 2 38 0.11684 13.208
2 20 1 39 0.091609 9.5927
2 20 2 39 0.11402 13.195
2 20 1 40 0.0895 9.5867
2 20 2 40 0.11134 13.175
2 20 1 41 0.087441 9.5768
2 20 2 41 0.10884 13.163
2 20 1 42 0.085504 9.5692
2 20 2 42 0.10641 13.148
2 20 1 43 0.083641 9.569
2 20 2 43 0.10401 13.132
2 20 1 44 0.081875 9.5576
2 20 2 44 0.10179 13.122
2 20 1 45 0.080172 9.5487
2 20 2 45 0.099703 13.112
2 20 1 46 0.078523 9.5426
2 20 2 46 0.09766 13.102
2 20 1 47 0.076973 9.5384
2 20 2 47 0.095711 13.09
2 20 1 48 0.075453 9.5313
2 20 2 48 0.093824 13.083
2 20 1 49 0.074027 9.5301
2 20 2 49 0.092008 13.078
2 20 1 50 0.072672 9.5309
2 20 2 50 0.09025 13.069
5 1 1 1 0.083375 4.174
5 1 2 1 0.063438 6.3836
5 1 1 2 0.064063 4.1667
5 1 2 2 0.063438 6.3836
5 1 1 3 0.052313 4.1625
5 1 2 3 0.053688 6.3821
5 1 1 4 0.043969 4.157
5 1 2 4 0.046344 6.3778
5 1 1 5 0.038313 4.1567
5 1 2 5 0.041188 6.3748
5 1 1 6 0.033844 4.1557
5 1 2 6 0.037 6.3766
5 1 1 7 0.030344 4.1542
5 1 2 7 0.033406 6.3733
5 1 1 8 0.027438 4.1521
5 1 2 8 0.030547 6.3735
5 1 1 9 0.025031 4.1511
5 1 2 9 0.028156 6.3731
5 1 1 10 0.023109 4.1517
5 1 2 10 0.026063 6.3713
5 1 1 11 0.021406 4.1504
5 1 2 11 0.024375 6.3729
5 1 1 12 0.019969 4.1506
5 1 2 12 0.02275 6.3704
5 1 1 13 0.018734 4.1519
5 1 2 13 0.021289 6.3694
5 1 1 14 0.017625 4.1522
5 1 2 14 0.020125 6.368
5 1 1 15 0.016625 4.1514
5 1 2 15 0.019023 6.3681
5 1 1 16 0.015719 4.1514
5 1 2 16 0.018047 6.3664
5 1 1 17 0.014906 4.1501
5 1 2 17 0.017203 6.3672
5 1 1 18 0.014188 4.1506
5 1 2 18 0.016328 6.3645
5 1 1 19 0.013609 4.1523
5 1 2 19 0.015625 6.3653
5 1 1 20 0.013016 4.1509
5 1 2 20 0.014969 6.3652
5 1 1 21 0.012453 4.1508
5 1 2 21 0.014391 6.3671
5 1 1 22 0.011938 4.1504
5 1 2 22 0.013836 6.3658
5 1 1 23 0.011438 4.15
5 1 2 23 0.01332 6.3649
5 1 1 24 0.011031 4.1505
5 1 2 24 0.012844 6.365
5 1 1 25 0.010641 4.1503
5 1 2 25 0.012375 6.3638
5 1 1 26 0.010281 4.1505
5 1 2 26 0.012 6.3638
5 1 1 27 0.0098906 4.15
5 1 2 27 0.011586 6.3639
5 1 1 28 0.0095313 4.1488
5 1 2 28 0.011219 6.3634
5 1 1 29 0.0092422 4.1496
5 1 2 29 0.010891 6.3648
5 1 1 30 0.0089688 4.1492
5 1 2 30 0.010547 6.3635
5 1 1 31 0.0086992 4.1491
5 1 2 31 0.010246 6.3624
5 1 1 32 0.0084219 4.1484
5 1 2 32 0.0099375 6.3613
5 1 1 33 0.0082031 4.1479
5 1 2 33 0.0096797 6.3613
5 1 1 34 0.0079375 4.1456
5 1 2 34 0.0094219 6.3616
5 1 1 35 0.0077656 4.1478
5 1 2 35 0.0091953 6.361
5 1 1 36 0.0075664 4.1483
5 1 2 36 0.0089766 6.3623
5 1 1 37 0.0073828 4.1487
5 1 2 37 0.0087578 6.362
5 1 1 38 0.0072188 4.149
5 1 2 38 0.0085469 6.3621
5 1 1 39 0.007043 4.1478
5 1 2 39 0.0083359 6.3619
5 1 1 40 0.006875 4.1477
5 1 2 40 0.008125 6.3617
5 1 1 41 0.006707 4.1474
5 1 2 41 0.0079688 6.3621
5 1 1 42 0.0065547 4.1469
5 1 2 42 0.0078125 6.3617
5 1 1 43 0.0064258 4.1481
5 1 2 43 0.0076445 6.3627
5 1 1 44 0.0063008 4.1486
5 1 2 44 0.0075 6.3623
5 1 1 45 0.0061641 4.1477
5 1 2 45 0.0073281 6.3615
5 1 1 46 0.0060391 4.1481
5 1 2 46 0.0071563 6.3602
5 1 1 47 0.0059258 4.1486
5 1 2 47 0.0070156 6.3602
5 1 1 48 0.0058125 4.1488
5 1 2 48 0.0068984 6.3615
5 1 1 49 0.0056875 4.1474
5 1 2 49 0.0067617 6.3622
5 1 1 50 0.0055938 4.1489
5 1 2 50 0.0066328 6.3629
5 2 1 1 0.16763 4.4986
5 2 2 1 0.12481 6.7521
5 2 1 2 0.1255 4.4701
5 2 2 2 0.12481 6.7521
5 2 1 3 0.10131 4.4591
5 2 2 3 0.10444 6.7428
5 2 1 4 0.085125 4.4495
5 2 2 4 0.089625 6.7303
5 2 1 5 0.0735 4.4432
5 2 2 5 0.078844 6.7209
5 2 1 6 0.064656 4.4379
5 2 2 6 0.07025 6.7135
5 2 1 7 0.057969 4.4338
5 2 2 7 0.063422 6.7105
5 2 1 8 0.052375 4.4292
5 2 2 8 0.057625 6.7041
5 2 1 9 0.047813 4.43
5 2 2 9 0.052969 6.7043
5 2 1 10 0.043813 4.4249
5 2 2 10 0.049094 6.7041
5 2 1 11 0.040438 4.4207
5 2 2 11 0.045578 6.6993
5 2 1 12 0.037719 4.4202
5 2 2 12 0.042688 6.6969
5 2 1 13 0.035297 4.4182
5 2 2 13 0.040156 6.6959
5 2 1 14 0.033156 4.4184
5 2 2 14 0.037813 6.6935
5 2 1 15 0.03125 4.4179
5 2 2 15 0.035719 6.6888
5 2 1 16 0.029445 4.4134
5 2 2 16 0.033938 6.6874
5 2 1 17 0.027938 4.4139
5 2 2 17 0.032266 6.6875
5 2 1 18 0.026625 4.4121
5 2 2 18 0.030813 6.6879
5 2 1 19 0.025375 4.4121
5 2 2 19 0.02957 6.6905
5 2 1 20 0.024281 4.4119
5 2 2 20 0.028258 6.69
5 2 1 21 0.02325 4.4118
5 2 2 21 0.027086 6.6879
5 2 1 22 0.022297 4.4115
5 2 2 22 0.026 6.6849
5 2 1 23 0.0215 4.4132
5 2 2 23 0.025063 6.6856
5 2 1 24 0.020656 4.4123
5 2 2 24 0.024148 6.6846
5 2 1 25 0.01984 4.4088
5 2 2 25 0.023344 6.6858
5 2 1 26 0.019191 4.4113
5 2 2 26 0.022559 6.6841
5 2 1 27 0.018547 4.4124
5 2 2 27 0.021789 6.684
5 2 1 28 0.017969 4.4126
5 2 2 28 0.021094 6.6834
5 2 1 29 0.017391 4.4122
5 2 2 29 0.020438 6.6824
5 2 1 30 0.016844 4.4122
5 2 2 30 0.019813 6.6826
5 2 1 31 0.016344 4.4116
5 2 2 31 0.019289 6.6829
5 2 1 32 0.015852 4.4099
5 2 2 32 0.018688 6.6802
5 2 1 33 0.015414 4.4098
5 2 2 33 0.01818 6.68
5 2 1 34 0.014977 4.4094
5 2 2 34 0.017688 6.6808
5 2 1 35 0.014555 4.4078
5 2 2 35 0.017238 6.6794
5 2 1 36 0.014203 4.4083
5 2 2 36 0.016813 6.6802
5 2 1 37 0.013867 4.408
5 2 2 37 0.016387 6.679
5 2 1 38 0.013516 4.4083
5 2 2 38 0.016031 6.6799
5 2 1 39 0.013203 4.4082
5 2 2 39 0.015617 6.6794
5 2 1 40 0.012891 4.4081
5 2 2 40 0.015262 6.6783
5 2 1 41 0.012594 4.4074
5 2 2 41 0.014906 6.6773
5 2 1 42 0.012328 4.4075
5 2 2 42 0.014582 6.6771
5 2 1 43 0.012063 4.4079
5 2 2 43 0.014273 6.6782
5 2 1 44 0.011811 4.4093
5 2 2 44 0.013984 6.6797
5 2 1 45 0.011555 4.4083
5 2 2 45 0.013707 6.6798
5 2 1 46 0.011313 4.4084
5 2 2 46 0.013406 6.6776
5 2 1 47 0.011094 4.4085
5 2 2 47 0.013164 6.6793
5 2 1 48 0.010875 4.4085
5 2 2 48 0.012906 6.6783
5 2 1 49 0.01068 4.4097
5 2 2 49 0.012656 6.6773
5 2 1 50 0.010473 4.4086
5 2 2 50 0.012406 6.6765
5 5 1 1 0.41688 5.4589
5 5 2 1 0.29988 7.8029
5 5 1 2 0.28888 5.3048
5 5 2 2 0.29988 7.8029
5 5 1 3 0.22481 5.2344
5 5 2 3 0.24084 7.7231
5 5 1 4 0.18531 5.1916
5 5 2 4 0.203 7.6701
5 5 1 5 0.15775 5.1566
5 5 2 5 0.17544 7.6239
5 5 1 6 0.1375 5.1313
5 5 2 6 0.15491 7.5949
5 5 1 7 0.12225 5.1089
5 5 2 7 0.13878 7.5743
5 5 1 8 0.11013 5.0983
5 5 2 8 0.12572 7.5575
5 5 1 9 0.1 5.0861
5 5 2 9 0.11503 7.5438
5 5 1 10 0.091813 5.0781
5 5 2 10 0.10595 7.5329
5 5 1 11 0.084688 5.0693
5 5 2 11 0.098281 7.5232
5 5 1 12 0.078664 5.061
5 5 2 12 0.091625 7.5103
5 5 1 13 0.073563 5.0564
5 5 2 13 0.085781 7.4984
5 5 1 14 0.069078 5.0558
5 5 2 14 0.080773 7.494
5 5 1 15 0.065094 5.0506
5 5 2 15 0.07625 7.4864
5 5 1 16 0.061469 5.0463
5 5 2 16 0.072203 7.4782
5 5 1 17 0.058281 5.0422
5 5 2 17 0.068563 7.4758
5 5 1 18 0.055406 5.0373
5 5 2 18 0.065234 7.4677
5 5 1 19 0.05275 5.0334
5 5 2 19 0.06225 7.4629
5 5 1 20 0.050359 5.0303
5 5 2 20 0.059656 7.4633
5 5 1 21 0.048234 5.0285
5 5 2 21 0.057172 7.4588
5 5 1 22 0.046258 5.0267
5 5 2 22 0.054813 7.4529
5 5 1 23 0.044484 5.0284
5 5 2 23 0.052711 7.4499
5 5 1 24 0.042813 5.0279
5 5 2 24 0.050789 7.4507
5 5 1 25 0.041297 5.027
5 5 2 25 0.049004 7.4474
5 5 1 26 0.039875 5.0271
5 5 2 26 0.047313 7.4459
5 5 1 27 0.038508 5.0248
5 5 2 27 0.045766 7.4452
5 5 1 28 0.037234 5.0246
5 5 2 28 0.044313 7.4432
5 5 1 29 0.036031 5.0238
5 5 2 29 0.042926 7.4405
5 5 1 30 0.034922 5.0212
5 5 2 30 0.041641 7.4379
5 5 1 31 0.033836 5.0182
5 5 2 31 0.04041 7.4348
5 5 1 32 0.032867 5.0178
5 5 2 32 0.039262 7.4347
5 5 1 33 0.03191 5.016
5 5 2 33 0.038148 7.4322
5 5 1 34 0.031063 5.0157
5 5 2 34 0.037109 7.4315
5 5 1 35 0.030234 5.0155
5 5 2 35 0.036117 7.4272
5 5 1 36 0.029469 5.0154
5 5 2 36 0.035203 7.4277
5 5 1 37 0.02875 5.0162
5 5 2 37 0.034313 7.4267
5 5 1 38 0.028016 5.0143
5 5 2 38 0.033488 7.4229
5 5 1 39 0.027336 5.0145
5 5 2 39 0.032707 7.4233
5 5 1 40 0.026703 5.0123
5 5 2 40 0.031945 7.423
5 5 1 41 0.026063 5.01
5 5 2 41 0.031211 7.4219
5 5 1 42 0.025477 5.0118
5 5 2 42 0.030512 7.421
5 5 1 43 0.024906 5.0087
5 5 2 43 0.029832 7.4177
5 5 1 44 0.024359 5.0077
5 5 2 44 0.029188 7.4165
5 5 1 45 0.023848 5.0072
5 5 2 45 0.028625 7.4169
5 5 1 46 0.023352 5.0058
5 5 2 46 0.028031 7.4172
5 5 1 47 0.022906 5.0063
5 5 2 47 0.027469 7.4161
5 5 1 48 0.022445 5.0043
5 5 2 48 0.026938 7.4147
5 5 1 49 0.02202 5.0047
5 5 2 49 0.026422 7.4146
5 5 1 50 0.021625 5.0064
5 5 2 50 0.025934 7.4153
5 10 1 1 0.85019 7.1284
5 10 2 1 0.57744 9.4691
5 10 1 2 0.51013 6.4933
5 10 2 2 0.57744 9.4691
5 10 1 3 0.37875 6.2532
5 10 2 3 0.43975 9.1701
5 10 1 4 0.30391 6.1145
5 10 2 4 0.35913 8.9987
5 10 1 5 0.25556 6.0317
5 10 2 5 0.30406 8.8632
5 10 1 6 0.22128 5.9674
5 10 2 6 0.26484 8.775
5 10 1 7 0.19534 5.9204
5 10 2 7 0.23497 8.7127
5 10 1 8 0.17528 5.8866
5 10 2 8 0.21119 8.662
5 10 1 9 0.15902 5.8642
5 10 2 9 0.19216 8.6205
5 10 1 10 0.14553 5.8408
5 10 2 10 0.17625 8.5913
5 10 1 11 0.13425 5.8254
5 10 2 11 0.16275 8.5583
5 10 1 12 0.12452 5.8048
5 10 2 12 0.15138 8.5357
5 10 1 13 0.11614 5.7928
5 10 2 13 0.14122 8.5096
5 10 1 14 0.10888 5.7826
5 10 2 14 0.1325 8.4869
5 10 1 15 0.10249 5.771
5 10 2 15 0.12478 8.4676
5 10 1 16 0.096844 5.7633
5 10 2 16 0.11792 8.4498
5 10 1 17 0.09175 5.7562
5 10 2 17 0.11178 8.4402
5 10 1 18 0.087219 5.7517
5 10 2 18 0.10641 8.4324
5 10 1 19 0.083063 5.7427
5 10 2 19 0.10147 8.4213
5 10 1 20 0.079305 5.7353
5 10 2 20 0.096906 8.4112
5 10 1 21 0.075875 5.7309
5 10 2 21 0.092734 8.3993
5 10 1 22 0.072781 5.7266
5 10 2 22 0.088922 8.3894
5 10 1 23 0.069922 5.7256
5 10 2 23 0.085438 8.3842
5 10 1 24 0.067266 5.7213
5 10 2 24 0.082188 8.3746
5 10 1 25 0.064766 5.718
5 10 2 25 0.079188 8.3674
5 10 1 26 0.062469 5.7153
5 10 2 26 0.076398 8.3598
5 10 1 27 0.060297 5.7114
5 10 2 27 0.073813 8.3538
5 10 1 28 0.058359 5.7106
5 10 2 28 0.071391 8.3491
5 10 1 29 0.056469 5.7082
5 10 2 29 0.069125 8.3426
5 10 1 30 0.054727 5.7041
5 10 2 30 0.067047 8.3389
5 10 1 31 0.053094 5.7048
5 10 2 31 0.064984 8.3324
5 10 1 32 0.051516 5.7011
5 10 2 32 0.063063 8.3276
5 10 1 33 0.050039 5.6976
5 10 2 33 0.061316 8.3266
5 10 1 34 0.048656 5.6948
5 10 2 34 0.059602 8.3205
5 10 1 35 0.047352 5.6941
5 10 2 35 0.058031 8.3188
5 10 1 36 0.046109 5.6924
5 10 2 36 0.056531 8.3131
5 10 1 37 0.044934 5.6893
5 10 2 37 0.055063 8.3096
5 10 1 38 0.043828 5.6902
5 10 2 38 0.053723 8.3057
5 10 1 39 0.042797 5.6887
5 10 2 39 0.052445 8.3045
5 10 1 40 0.041766 5.6856
5 10 2 40 0.051219 8.3029
5 10 1 41 0.040813 5.6843
5 10 2 41 0.05007 8.3009
5 10 1 42 0.039891 5.6835
5 10 2 42 0.048938 8.2957
5 10 1 43 0.03898 5.6803
5 10 2 43 0.047828 8.2923
5 10 1 44 0.038152 5.6776
5 10 2 44 0.046824 8.2921
5 10 1 45 0.037313 5.675
5 10 2 45 0.045813 8.2878
5 10 1 46 0.036555 5.6735
5 10 2 46 0.044922 8.2884
5 10 1 47 0.035813 5.6719
5 10 2 47 0.044016 8.2875
5 10 1 48 0.035133 5.6721
5 10 2 48 0.043141 8.2868
5 10 1 49 0.034438 5.671
5 10 2 49 0.042313 8.2861
5 10 1 50 0.033777 5.6691
5 10 2 50 0.04152 8.2832
5 15 1 1 1.3344 8.9939
5 15 2 1 0.85881 11.158
5 15 1 2 0.70881 7.6045
5 15 2 2 0.85881 11.158
5 15 1 3 0.5035 7.1261
5 15 2 3 0.62213 10.526
5 15 1 4 0.39619 6.8693
5 15 2 4 0.49319 10.165
5 15 1 5 0.32825 6.712
5 15 2 5 0.41088 9.9227
5 15 1 6 0.28159 6.6028
5 15 2 6 0.35375 9.7593
5 15 1 7 0.247 6.5167
5 15 2 7 0.31134 9.6462
5 15 1 8 0.22048 6.4574
5 15 2 8 0.278 9.5519
5 15 1 9 0.19931 6.4195
5 15 2 9 0.25169 9.4816
5 15 1 10 0.18188 6.3787
5 15 2 10 0.22975 9.4194
5 15 1 11 0.16745 6.3512
5 15 2 11 0.21131 9.3644
5 15 1 12 0.15522 6.3215
5 15 2 12 0.19594 9.3219
5 15 1 13 0.14473 6.302
5 15 2 13 0.18272 9.2823
5 15 1 14 0.13552 6.282
5 15 2 14 0.17107 9.2478
5 15 1 15 0.12737 6.2658
5 15 2 15 0.16093 9.2188
5 15 1 16 0.1203 6.2525
5 15 2 16 0.15188 9.1925
5 15 1 17 0.11397 6.2444
5 15 2 17 0.14388 9.1699
5 15 1 18 0.10828 6.2343
5 15 2 18 0.13666 9.1528
5 15 1 19 0.10313 6.226
5 15 2 19 0.13009 9.1323
5 15 1 20 0.098445 6.2157
5 15 2 20 0.12406 9.1135
5 15 1 21 0.094172 6.2073
5 15 2 21 0.11881 9.0998
5 15 1 22 0.090273 6.1996
5 15 2 22 0.11381 9.0867
5 15 1 23 0.086688 6.1953
5 15 2 23 0.10928 9.0717
5 15 1 24 0.083383 6.19
5 15 2 24 0.10511 9.0616
5 15 1 25 0.080281 6.185
5 15 2 25 0.10127 9.0521
5 15 1 26 0.077469 6.1836
5 15 2 26 0.097641 9.0425
5 15 1 27 0.074852 6.1796
5 15 2 27 0.094258 9.0318
5 15 1 28 0.072383 6.1764
5 15 2 28 0.091188 9.0257
5 15 1 29 0.070047 6.1731
5 15 2 29 0.08825 9.0132
5 15 1 30 0.067883 6.1693
5 15 2 30 0.085512 9.0043
5 15 1 31 0.065844 6.1654
5 15 2 31 0.082875 8.9985
5 15 1 32 0.06393 6.1642
5 15 2 32 0.080484 8.9937
5 15 1 33 0.062117 6.1606
5 15 2 33 0.078188 8.9854
5 15 1 34 0.060375 6.154
5 15 2 34 0.076 8.9792
5 15 1 35 0.058758 6.1528
5 15 2 35 0.073969 8.9726
5 15 1 36 0.057227 6.151
5 15 2 36 0.072 8.9656
5 15 1 37 0.055797 6.1479
5 15 2 37 0.070211 8.963
5 15 1 38 0.054406 6.1464
5 15 2 38 0.068453 8.9583
5 15 1 39 0.053094 6.1427
5 15 2 39 0.066781 8.9537
5 15 1 40 0.051844 6.1416
5 15 2 40 0.06523 8.9501
5 15 1 41 0.050625 6.1367
5 15 2 41 0.063711 8.9451
5 15 1 42 0.0495 6.1367
5 15 2 42 0.062281 8.9396
5 15 1 43 0.048398 6.1355
5 15 2 43 0.060891 8.9369
5 15 1 44 0.047359 6.1312
5 15 2 44 0.059586 8.9336
5 15 1 45 0.046383 6.131
5 15 2 45 0.058344 8.9299
5 15 1 46 0.045422 6.1287
5 15 2 46 0.057141 8.9272
5 15 1 47 0.044492 6.1259
5 15 2 47 0.056 8.9249
5 15 1 48 0.043621 6.1269
5 15 2 48 0.054875 8.9217
5 15 1 49 0.042773 6.1263
5 15 2 49 0.053824 8.9207
5 15 1 50 0.041938 6.1213
5 15 2 50 0.052793 8.9173
5 20 1 1 1.8983 11.166
5 20 2 1 1.1578 12.953
5 20 1 2 0.91013 8.7554
5 20 2 2 1.1578 12.953
5 20 1 3 0.62125 7.971
5 20 2 3 0.79894 11.852
5 20 1 4 0.47894 7.574
5 20 2 4 0.61875 11.281
5 20 1 5 0.39163 7.3247
5 20 2 5 0.50722 10.9
5 20 1 6 0.33288 7.1565
5 20 2 6 0.43189 10.642
5 20 1 7 0.29 7.0325
5 20 2 7 0.37706 10.459
5 20 1 8 0.25739 6.9374
5 20 2 8 0.33469 10.325
5 20 1 9 0.23173 6.8773
5 20 2 9 0.30164 10.216
5 20 1 10 0.21088 6.8164
5 20 2 10 0.27448 10.128
5 20 1 11 0.19359 6.7714
5 20 2 11 0.25191 10.05
5 20 1 12 0.17906 6.7319
5 20 2 12 0.23305 9.9855
5 20 1 13 0.1665 6.6996
5 20 2 13 0.21673 9.928
5 20 1 14 0.15572 6.674
5 20 2 14 0.20256 9.8754
5 20 1 15 0.14622 6.6471
5 20 2 15 0.19019 9.8377
5 20 1 16 0.13789 6.6272
5 20 2 16 0.17935 9.8024
5 20 1 17 0.13052 6.6144
5 20 2 17 0.16971 9.7699
5 20 1 18 0.12391 6.5988
5 20 2 18 0.16092 9.739
5 20 1 19 0.11791 6.5836
5 20 2 19 0.1532 9.7161
5 20 1 20 0.11248 6.5709
5 20 2 20 0.14606 9.6911
5 20 1 21 0.10756 6.561
5 20 2 21 0.13958 9.6688
5 20 1 22 0.10306 6.5496
5 20 2 22 0.13374 9.6504
5 20 1 23 0.098938 6.5447
5 20 2 23 0.12834 9.6335
5 20 1 24 0.095109 6.5352
5 20 2 24 0.12334 9.6192
5 20 1 25 0.091641 6.5314
5 20 2 25 0.11875 9.6042
5 20 1 26 0.088391 6.5271
5 20 2 26 0.11449 9.5896
5 20 1 27 0.085375 6.5233
5 20 2 27 0.1105 9.5784
5 20 1 28 0.0825 6.5179
5 20 2 28 0.10684 9.5645
5 20 1 29 0.079875 6.5117
5 20 2 29 0.10331 9.5487
5 20 1 30 0.07743 6.5099
5 20 2 30 0.10008 9.5384
5 20 1 31 0.075109 6.5065
5 20 2 31 0.097016 9.5258
5 20 1 32 0.072891 6.4994
5 20 2 32 0.094176 9.5206
5 20 1 33 0.070789 6.4948
5 20 2 33 0.091453 9.5095
5 20 1 34 0.068844 6.491
5 20 2 34 0.088875 9.5028
5 20 1 35 0.066996 6.4867
5 20 2 35 0.086516 9.4926
5 20 1 36 0.065258 6.4847
5 20 2 36 0.08425 9.4875
5 20 1 37 0.063633 6.4819
5 20 2 37 0.082094 9.4812
5 20 1 38 0.062047 6.4792
5 20 2 38 0.080055 9.4769
5 20 1 39 0.060551 6.4749
5 20 2 39 0.078125 9.4725
5 20 1 40 0.059105 6.4721
5 20 2 40 0.07625 9.4647
5 20 1 41 0.05775 6.47
5 20 2 41 0.074445 9.4586
5 20 1 42 0.056465 6.4703
5 20 2 42 0.072781 9.4509
5 20 1 43 0.055219 6.467
5 20 2 43 0.071145 9.4451
5 20 1 44 0.054016 6.4632
5 20 2 44 0.069625 9.4408
5 20 1 45 0.052906 6.4623
5 20 2 45 0.068133 9.4349
5 20 1 46 0.051809 6.4594
5 20 2 46 0.06673 9.4308
5 20 1 47 0.050773 6.4567
5 20 2 47 0.065375 9.428
5 20 1 48 0.049754 6.4553
5 20 2 48 0.06407 9.4262
5 20 1 49 0.048766 6.454
5 20 2 49 0.062809 9.4219
5 20 1 50 0.047852 6.4508
5 20 2 50 0.061578 9.4137
10 1 1 1 0.057438 2.8669
10 1 2 1 0.041688 4.8014
10 1 1 2 0.040688 2.8634
10 1 2 2 0.041688 4.8014
10 1 1 3 0.031875 2.8636
10 1 2 3 0.03425 4.8021
10 1 1 4 0.026125 2.8623
10 1 2 4 0.02875 4.8003
10 1 1 5 0.022 2.8599
10 1 2 5 0.024813 4.7994
10 1 1 6 0.019125 2.86
10 1 2 6 0.021781 4.7969
10 1 1 7 0.016891 2.8597
10 1 2 7 0.019531 4.7984
10 1 1 8 0.015188 2.8599
10 1 2 8 0.017688 4.799
10 1 1 9 0.013844 2.8604
10 1 2 9 0.016047 4.7972
10 1 1 10 0.012578 2.8592
10 1 2 10 0.014719 4.7963
10 1 1 11 0.011578 2.8587
10 1 2 11 0.013625 4.7962
10 1 1 12 0.010719 2.8587
10 1 2 12 0.012688 4.7964
10 1 1 13 0.010031 2.8599
10 1 2 13 0.011938 4.7972
10 1 1 14 0.0093906 2.8596
10 1 2 14 0.01125 4.7974
10 1 1 15 0.0088438 2.8597
10 1 2 15 0.010609 4.7971
10 1 1 16 0.0083125 2.8592
10 1 2 16 0.010008 4.7973
10 1 1 17 0.007875 2.8591
10 1 2 17 0.0094688 4.7972
10 1 1 18 0.0074844 2.8595
10 1 2 18 0.0090469 4.7976
10 1 1 19 0.0070938 2.8588
10 1 2 19 0.0086328 4.7978
10 1 1 20 0.0067656 2.8591
10 1 2 20 0.00825 4.7969
10 1 1 21 0.0064688 2.8588
10 1 2 21 0.0079063 4.7973
10 1 1 22 0.0061875 2.8588
10 1 2 22 0.0075625 4.7961
10 1 1 23 0.0059453 2.8586
10 1 2 23 0.00725 4.7958
10 1 1 24 0.0057188 2.8586
10 1 2 24 0.0069375 4.795
10 1 1 25 0.0055625 2.8602
10 1 2 25 0.0067109 4.796
10 1 1 26 0.0053438 2.8595
10 1 2 26 0.0064609 4.795
10 1 1 27 0.0051406 2.8591
10 1 2 27 0.00625 4.796
10 1 1 28 0.0049531 2.859
10 1 2 28 0.006 4.7941
10 1 1 29 0.0047969 2.8593
10 1 2 29 0.005875 4.796
10 1 1 30 0.0046406 2.859
10 1 2 30 0.0056836 4.7955
10 1 1 31 0.0045039 2.8592
10 1 2 31 0.0055156 4.7951
10 1 1 32 0.0043711 2.8593
10 1 2 32 0.0053438 4.7951
10 1 1 33 0.0042422 2.8591
10 1 2 33 0.0052031 4.7953
10 1 1 34 0.004125 2.8589
10 1 2 34 0.0050508 4.7949
10 1 1 35 0.0040156 2.8588
10 1 2 35 0.0049219 4.7948
10 1 1 36 0.0039219 2.859
10 1 2 36 0.0047852 4.7948
10 1 1 37 0.0038125 2.8584
10 1 2 37 0.0046719 4.7948
10 1 1 38 0.0037109 2.8583
10 1 2 38 0.0045547 4.7947
10 1 1 39 0.0036172 2.8583
10 1 2 39 0.0044453 4.7945
10 1 1 40 0.0035625 2.8598
10 1 2 40 0.0043516 4.7952
10 1 1 41 0.0034492 2.8583
10 1 2 41 0.0042578 4.7956
10 1 1 42 0.0033672 2.8579
10 1 2 42 0.0041563 4.7954
10 1 1 43 0.0032891 2.858
10 1 2 43 0.0040547 4.7952
10 1 1 44 0.0031875 2.8566
10 1 2 44 0.0039688 4.7951
10 1 1 45 0.003125 2.8574
10 1 2 45 0.0038906 4.7951
10 1 1 46 0.0030781 2.8584
10 1 2 46 0.0038164 4.7954
10 1 1 47 0.0030195 2.8585
10 1 2 47 0.0037266 4.7948
10 1 1 48 0.0029531 2.8581
10 1 2 48 0.0036445 4.7946
10 1 1 49 0.0028984 2.8586
10 1 2 49 0.0035781 4.7948
10 1 1 50 0.0028516 2.8591
10 1 2 50 0.0035 4.7946
10 2 1 1 0.11838 3.0321
10 2 2 1 0.08475 4.9999
10 2 1 2 0.082625 3.0222
10 2 2 2 0.08475 4.9999
10 2 1 3 0.063688 3.0176
10 2 2 3 0.068125 4.9937
10 2 1 4 0.051594 3.012
10 2 2 4 0.057094 4.9898
10 2 1 5 0.0435 3.0092
10 2 2 5 0.049 4.9869
10 2 1 6 0.037719 3.0082
10 2 2 6 0.043188 4.9856
10 2 1 7 0.033328 3.0069
10 2 2 7 0.038469 4.9826
10 2 1 8 0.029781 3.0055
10 2 2 8 0.034781 4.9817
10 2 1 9 0.027 3.0047
10 2 2 9 0.031672 4.9817
10 2 1 10 0.024625 3.0036
10 2 2 10 0.029156 4.9814
10 2 1 11 0.022734 3.0042
10 2 2 11 0.027016 4.9811
10 2 1 12 0.021 3.0026
10 2 2 12 0.025125 4.9795
10 2 1 13 0.019563 3.002
10 2 2 13 0.023453 4.9798
10 2 1 14 0.018297 3.0019
10 2 2 14 0.022 4.9789
10 2 1 15 0.017219 3.0022
10 2 2 15 0.02075 4.9778
10 2 1 16 0.016219 3.0014
10 2 2 16 0.019625 4.9788
10 2 1 17 0.015328 3.0008
10 2 2 17 0.018563 4.9783
10 2 1 18 0.014547 3.0004
10 2 2 18 0.017648 4.977
10 2 1 19 0.013852 3.0008
10 2 2 19 0.016844 4.9771
10 2 1 20 0.013219 3.0009
10 2 2 20 0.016063 4.9759
10 2 1 21 0.012625 3
10 2 2 21 0.015367 4.9753
10 2 1 22 0.012078 2.9994
10 2 2 22 0.014711 4.9745
10 2 1 23 0.011563 2.9984
10 2 2 23 0.014156 4.9743
10 2 1 24 0.011094 2.9979
10 2 2 24 0.013609 4.9739
10 2 1 25 0.010688 2.9983
10 2 2 25 0.013117 4.975
10 2 1 26 0.010344 2.9993
10 2 2 26 0.012688 4.976
10 2 1 27 0.0099688 2.999
10 2 2 27 0.012234 4.9764
10 2 1 28 0.0096367 2.9995
10 2 2 28 0.011844 4.9751
10 2 1 29 0.0093125 2.9987
10 2 2 29 0.011484 4.9754
10 2 1 30 0.0090117 2.9984
10 2 2 30 0.011141 4.9754
10 2 1 31 0.0087266 2.9981
10 2 2 31 0.010797 4.9744
10 2 1 32 0.0084766 2.9986
10 2 2 32 0.010469 4.9739
10 2 1 33 0.0082344 2.9983
10 2 2 33 0.010156 4.9728
10 2 1 34 0.0080078 2.9979
10 2 2 34 0.0098906 4.9734
10 2 1 35 0.0077734 2.9969
10 2 2 35 0.0096172 4.9721
10 2 1 36 0.0075547 2.9969
10 2 2 36 0.0093516 4.9712
10 2 1 37 0.007375 2.9976
10 2 2 37 0.0091172 4.9713
10 2 1 38 0.0071719 2.9966
10 2 2 38 0.008875 4.9713
10 2 1 39 0.0069922 2.9962
10 2 2 39 0.0086875 4.9718
10 2 1 40 0.0068125 2.9955
10 2 2 40 0.0084844 4.9721
10 2 1 41 0.0066641 2.996
10 2 2 41 0.008293 4.9728
10 2 1 42 0.0065 2.9954
10 2 2 42 0.0081016 4.9726
10 2 1 43 0.0063672 2.9959
10 2 2 43 0.0079219 4.9732
10 2 1 44 0.0062383 2.9966
10 2 2 44 0.0077344 4.972
10 2 1 45 0.0061055 2.9971
10 2 2 45 0.0075859 4.9725
10 2 1 46 0.0059766 2.9969
10 2 2 46 0.0074453 4.9732
10 2 1 47 0.0058438 2.9964
10 2 2 47 0.0072852 4.9729
10 2 1 48 0.0057305 2.9964
10 2 2 48 0.007125 4.9723
10 2 1 49 0.005625 2.9966
10 2 2 49 0.0070156 4.9735
10 2 1 50 0.0055156 2.9968
10 2 2 50 0.006875 4.9733
10 5 1 1 0.30306 3.5328
10 5 2 1 0.21247 5.5886
10 5 1 2 0.19513 3.46
10 5 2 2 0.21247 5.5886
10 5 1 3 0.14706 3.4338
10 5 2 3 0.16519 5.5527
10 5 1 4 0.11794 3.4132
10 5 2 4 0.13603 5.5271
10 5 1 5 0.099 3.4032
10 5 2 5 0.11588 5.5135
10 5 1 6 0.085125 3.3955
10 5 2 6 0.101 5.5018
10 5 1 7 0.074672 3.3855
10 5 2 7 0.089563 5.4907
10 5 1 8 0.066594 3.3797
10 5 2 8 0.080469 5.4824
10 5 1 9 0.060313 3.3788
10 5 2 9 0.073188 5.4786
10 5 1 10 0.054969 3.3752
10 5 2 10 0.066938 5.4722
10 5 1 11 0.050563 3.3736
10 5 2 11 0.061688 5.4688
10 5 1 12 0.046813 3.3716
10 5 2 12 0.057188 5.4635
10 5 1 13 0.043547 3.3679
10 5 2 13 0.053375 5.461
10 5 1 14 0.040734 3.3661
10 5 2 14 0.05 5.4557
10 5 1 15 0.038219 3.3639
10 5 2 15 0.047031 5.4528
10 5 1 16 0.036 3.3619
10 5 2 16 0.044422 5.4509
10 5 1 17 0.034094 3.3622
10 5 2 17 0.042063 5.4481
10 5 1 18 0.032313 3.3614
10 5 2 18 0.04 5.4485
10 5 1 19 0.030688 3.3601
10 5 2 19 0.038117 5.4468
10 5 1 20 0.02925 3.3583
10 5 2 20 0.036336 5.4446
10 5 1 21 0.027984 3.3593
10 5 2 21 0.034797 5.4433
10 5 1 22 0.026813 3.3585
10 5 2 22 0.033375 5.4426
10 5 1 23 0.025703 3.3578
10 5 2 23 0.032023 5.4414
10 5 1 24 0.024711 3.3563
10 5 2 24 0.03082 5.4413
10 5 1 25 0.023781 3.3562
10 5 2 25 0.029688 5.4405
10 5 1 26 0.022922 3.3546
10 5 2 26 0.028625 5.4396
10 5 1 27 0.022094 3.355
10 5 2 27 0.027656 5.4394
10 5 1 28 0.021352 3.354
10 5 2 28 0.02675 5.4389
10 5 1 29 0.020672 3.3548
10 5 2 29 0.025883 5.438
10 5 1 30 0.020035 3.3542
10 5 2 30 0.025031 5.4351
10 5 1 31 0.019398 3.3535
10 5 2 31 0.024266 5.4339
10 5 1 32 0.018844 3.354
10 5 2 32 0.023563 5.4345
10 5 1 33 0.018277 3.3522
10 5 2 33 0.022875 5.4321
10 5 1 34 0.01775 3.351
10 5 2 34 0.022273 5.4326
10 5 1 35 0.017266 3.3511
10 5 2 35 0.021656 5.4323
10 5 1 36 0.016789 3.3496
10 5 2 36 0.021063 5.4314
10 5 1 37 0.016359 3.3486
10 5 2 37 0.020531 5.4313
10 5 1 38 0.015953 3.349
10 5 2 38 0.020047 5.432
10 5 1 39 0.01557 3.3501
10 5 2 39 0.019547 5.4313
10 5 1 40 0.015195 3.3496
10 5 2 40 0.019102 5.4318
10 5 1 41 0.014844 3.3494
10 5 2 41 0.018688 5.4332
10 5 1 42 0.0145 3.3492
10 5 2 42 0.018242 5.4321
10 5 1 43 0.014188 3.3495
10 5 2 43 0.017836 5.4324
10 5 1 44 0.013875 3.3498
10 5 2 44 0.017438 5.4306
10 5 1 45 0.013547 3.3476
10 5 2 45 0.017063 5.4299
10 5 1 46 0.013266 3.3479
10 5 2 46 0.016711 5.4296
10 5 1 47 0.012969 3.3461
10 5 2 47 0.016355 5.4294
10 5 1 48 0.012727 3.3471
10 5 2 48 0.016039 5.4293
10 5 1 49 0.01248 3.3472
10 5 2 49 0.015734 5.4295
10 5 1 50 0.012234 3.3466
10 5 2 50 0.015438 5.4293
10 10 1 1 0.64413 4.4575
10 10 2 1 0.42869 6.5852
10 10 1 2 0.35719 4.1287
10 10 2 2 0.42869 6.5852
10 10 1 3 0.25781 4.0205
10 10 2 3 0.31713 6.4379
10 10 1 4 0.20369 3.9624
10 10 2 4 0.25359 6.3462
10 10 1 5 0.16909 3.9288
10 10 2 5 0.21213 6.2912
10 10 1 6 0.14506 3.9078
10 10 2 6 0.18264 6.2502
10 10 1 7 0.12703 3.8887
10 10 2 7 0.16056 6.2159
10 10 1 8 0.11311 3.8737
10 10 2 8 0.14331 6.1913
10 10 1 9 0.10213 3.8667
10 10 2 9 0.12969 6.1731
10 10 1 10 0.093109 3.8581
10 10 2 10 0.11836 6.1576
10 10 1 11 0.0855 3.8528
10 10 2 11 0.10869 6.1425
10 10 1 12 0.079172 3.8488
10 10 2 12 0.10075 6.133
10 10 1 13 0.073625 3.8423
10 10 2 13 0.093734 6.1233
10 10 1 14 0.068719 3.8354
10 10 2 14 0.087797 6.1153
10 10 1 15 0.064578 3.8327
10 10 2 15 0.082531 6.1088
10 10 1 16 0.060891 3.8306
10 10 2 16 0.077805 6.1016
10 10 1 17 0.057563 3.8269
10 10 2 17 0.073688 6.0981
10 10 1 18 0.054563 3.8241
10 10 2 18 0.069961 6.0939
10 10 1 19 0.051906 3.823
10 10 2 19 0.066531 6.0877
10 10 1 20 0.049563 3.8233
10 10 2 20 0.063438 6.0813
10 10 1 21 0.047305 3.8191
10 10 2 21 0.060578 6.0758
10 10 1 22 0.045266 3.8168
10 10 2 22 0.058094 6.0761
10 10 1 23 0.043406 3.8134
10 10 2 23 0.055742 6.0723
10 10 1 24 0.041703 3.8114
10 10 2 24 0.053563 6.0682
10 10 1 25 0.040117 3.8084
10 10 2 25 0.051547 6.0661
10 10 1 26 0.038656 3.8068
10 10 2 26 0.049656 6.0605
10 10 1 27 0.037281 3.8045
10 10 2 27 0.047906 6.0575
10 10 1 28 0.036 3.8031
10 10 2 28 0.046281 6.0542
10 10 1 29 0.034875 3.8046
10 10 2 29 0.044813 6.0534
10 10 1 30 0.033719 3.8018
10 10 2 30 0.043375 6.05
10 10 1 31 0.032688 3.802
10 10 2 31 0.042047 6.0486
10 10 1 32 0.031719 3.8011
10 10 2 32 0.040781 6.046
10 10 1 33 0.030781 3.8008
10 10 2 33 0.039621 6.0458
10 10 1 34 0.029918 3.7989
10 10 2 34 0.038484 6.043
10 10 1 35 0.029102 3.7984
10 10 2 35 0.03743 6.0423
10 10 1 36 0.028332 3.7973
10 10 2 36 0.036484 6.0433
10 10 1 37 0.027578 3.7946
10 10 2 37 0.035531 6.0409
10 10 1 38 0.026891 3.7948
10 10 2 38 0.034625 6.0386
10 10 1 39 0.026211 3.7939
10 10 2 39 0.033781 6.0372
10 10 1 40 0.025586 3.7935
10 10 2 40 0.032977 6.0364
10 10 1 41 0.024996 3.7939
10 10 2 41 0.032234 6.0379
10 10 1 42 0.024434 3.7945
10 10 2 42 0.031484 6.036
10 10 1 43 0.023883 3.7941
10 10 2 43 0.030781 6.0362
10 10 1 44 0.023375 3.7949
10 10 2 44 0.030117 6.0343
10 10 1 45 0.022855 3.7938
10 10 2 45 0.029469 6.0316
10 10 1 46 0.022375 3.7931
10 10 2 46 0.028844 6.0317
10 10 1 47 0.021906 3.7916
10 10 2 47 0.02825 6.0316
10 10 1 48 0.021461 3.7906
10 10 2 48 0.027688 6.0305
10 10 1 49 0.021031 3.7899
10 10 2 49 0.027125 6.0278
10 10 1 50 0.020625 3.7894
10 10 2 50 0.026625 6.029
10 15 1 1 1.0413 5.5342
10 15 2 1 0.6585 7.6445
10 15 1 2 0.50888 4.7848
10 15 2 2 0.6585 7.6445
10 15 1 3 0.35109 4.5427
10 15 2 3 0.46166 7.2937
10 15 1 4 0.27238 4.4297
10 15 2 4 0.35938 7.1034
10 15 1 5 0.22369 4.36
10 15 2 5 0.29584 6.9822
10 15 1 6 0.19031 4.312
10 15 2 6 0.25244 6.9052
10 15 1 7 0.16613 4.2808
10 15 2 7 0.22056 6.8446
10 15 1 8 0.14766 4.2573
10 15 2 8 0.19595 6.7989
10 15 1 9 0.13294 4.2401
10 15 2 9 0.17648 6.7626
10 15 1 10 0.12095 4.2244
10 15 2 10 0.16056 6.7334
10 15 1 11 0.11097 4.2105
10 15 2 11 0.14741 6.7118
10 15 1 12 0.10261 4.2029
10 15 2 12 0.13619 6.6894
10 15 1 13 0.095438 4.1933
10 15 2 13 0.12659 6.6744
10 15 1 14 0.089219 4.1872
10 15 2 14 0.11834 6.6593
10 15 1 15 0.083719 4.1809
10 15 2 15 0.11103 6.6469
10 15 1 16 0.078891 4.1774
10 15 2 16 0.10463 6.6361
10 15 1 17 0.074688 4.1751
10 15 2 17 0.098844 6.6238
10 15 1 18 0.070813 4.1704
10 15 2 18 0.093742 6.615
10 15 1 19 0.067391 4.1667
10 15 2 19 0.089156 6.6066
10 15 1 20 0.064172 4.1621
10 15 2 20 0.084977 6.5983
10 15 1 21 0.061344 4.1594
10 15 2 21 0.081156 6.5906
10 15 1 22 0.058734 4.1568
10 15 2 22 0.07775 6.5856
10 15 1 23 0.056289 4.1526
10 15 2 23 0.074531 6.5795
10 15 1 24 0.054109 4.1508
10 15 2 24 0.071594 6.5723
10 15 1 25 0.052125 4.1495
10 15 2 25 0.068875 6.568
10 15 1 26 0.050211 4.1461
10 15 2 26 0.066375 6.5636
10 15 1 27 0.04843 4.1431
10 15 2 27 0.064023 6.5585
10 15 1 28 0.046789 4.1405
10 15 2 28 0.061875 6.554
10 15 1 29 0.045281 4.1409
10 15 2 29 0.059859 6.5521
10 15 1 30 0.043852 4.1384
10 15 2 30 0.057953 6.5459
10 15 1 31 0.0425 4.1383
10 15 2 31 0.056141 6.542
10 15 1 32 0.041227 4.137
10 15 2 32 0.054469 6.5392
10 15 1 33 0.040016 4.135
10 15 2 33 0.052922 6.5374
10 15 1 34 0.038883 4.133
10 15 2 34 0.051414 6.5345
10 15 1 35 0.037813 4.1304
10 15 2 35 0.050008 6.5313
10 15 1 36 0.036809 4.1288
10 15 2 36 0.048664 6.5293
10 15 1 37 0.035852 4.1272
10 15 2 37 0.047398 6.5269
10 15 1 38 0.034938 4.1273
10 15 2 38 0.046211 6.525
10 15 1 39 0.03409 4.1272
10 15 2 39 0.045082 6.5224
10 15 1 40 0.033285 4.1274
10 15 2 40 0.044 6.5203
10 15 1 41 0.032492 4.1263
10 15 2 41 0.042953 6.5213
10 15 1 42 0.031738 4.1253
10 15 2 42 0.041938 6.5172
10 15 1 43 0.031004 4.1231
10 15 2 43 0.041 6.516
10 15 1 44 0.030336 4.1237
10 15 2 44 0.040117 6.5145
10 15 1 45 0.029688 4.123
10 15 2 45 0.039254 6.511
10 15 1 46 0.029063 4.1237
10 15 2 46 0.038449 6.5113
10 15 1 47 0.028438 4.1212
10 15 2 47 0.037688 6.5134
10 15 1 48 0.027875 4.1205
10 15 2 48 0.036906 6.5094
10 15 1 49 0.027313 4.1191
10 15 2 49 0.03616 6.5075
10 15 1 50 0.026813 4.1201
10 15 2 50 0.035465 6.5073
10 20 1 1 1.5148 6.8179
10 20 2 1 0.90963 8.802
10 20 1 2 0.66519 5.477
10 20 2 2 0.90963 8.802
10 20 1 3 0.44056 5.0635
10 20 2 3 0.60575 8.1583
10 20 1 4 0.33456 4.8677
10 20 2 4 0.46163 7.8456
10 20 1 5 0.27144 4.7516
10 20 2 5 0.37419 7.6463
10 20 1 6 0.22931 4.6738
10 20 2 6 0.31581 7.5158
10 20 1 7 0.19867 4.6182
10 20 2 7 0.27395 7.4148
10 20 1 8 0.17578 4.5794
10 20 2 8 0.24236 7.348
10 20 1 9 0.15775 4.5492
10 20 2 9 0.21731 7.2869
10 20 1 10 0.14306 4.5223
10 20 2 10 0.19733 7.2454
10 20 1 11 0.13113 4.5044
10 20 2 11 0.18056 7.2082
10 20 1 12 0.12097 4.4882
10 20 2 12 0.16656 7.1755
10 20 1 13 0.11238 4.4736
10 20 2 13 0.15461 7.1509
10 20 1 14 0.10486 4.462
10 20 2 14 0.14419 7.1285
10 20 1 15 0.098438 4.4528
10 20 2 15 0.13514 7.1073
10 20 1 16 0.092656 4.4463
10 20 2 16 0.12725 7.0903
10 20 1 17 0.087578 4.4403
10 20 2 17 0.12016 7.0743
10 20 1 18 0.083016 4.4334
10 20 2 18 0.11381 7.0619
10 20 1 19 0.078953 4.4276
10 20 2 19 0.10816 7.0489
10 20 1 20 0.075219 4.4222
10 20 2 20 0.10294 7.033
10 20 1 21 0.071906 4.4194
10 20 2 21 0.098336 7.0239
10 20 1 22 0.068828 4.4153
10 20 2 22 0.09407 7.0161
10 20 1 23 0.066 4.4101
10 20 2 23 0.090188 7.0069
10 20 1 24 0.063414 4.4073
10 20 2 24 0.086625 6.9993
10 20 1 25 0.061008 4.4029
10 20 2 25 0.083313 6.9917
10 20 1 26 0.058805 4.3995
10 20 2 26 0.08025 6.9846
10 20 1 27 0.056773 4.3985
10 20 2 27 0.077414 6.9792
10 20 1 28 0.054875 4.3972
10 20 2 28 0.074758 6.9725
10 20 1 29 0.053086 4.3953
10 20 2 29 0.072262 6.965
10 20 1 30 0.051422 4.3925
10 20 2 30 0.069961 6.9591
10 20 1 31 0.049828 4.3914
10 20 2 31 0.067813 6.9553
10 20 1 32 0.048344 4.39
10 20 2 32 0.065719 6.9485
10 20 1 33 0.046969 4.3883
10 20 2 33 0.06382 6.9454
10 20 1 34 0.045641 4.3864
10 20 2 34 0.062 6.9405
10 20 1 35 0.044406 4.385
10 20 2 35 0.060313 6.9391
10 20 1 36 0.043242 4.3834
10 20 2 36 0.058711 6.9355
10 20 1 37 0.042125 4.3824
10 20 2 37 0.057172 6.9334
10 20 1 38 0.041051 4.3817
10 20 2 38 0.055727 6.9281
10 20 1 39 0.040043 4.3806
10 20 2 39 0.054352 6.9243
10 20 1 40 0.039086 4.3797
10 20 2 40 0.053063 6.9214
10 20 1 41 0.038156 4.3786
10 20 2 41 0.051773 6.9185
10 20 1 42 0.037293 4.378
10 20 2 42 0.050566 6.9172
10 20 1 43 0.0365 4.3787
10 20 2 43 0.049438 6.9147
10 20 1 44 0.035672 4.3783
10 20 2 44 0.048328 6.9114
10 20 1 45 0.034891 4.3767
10 20 2 45 0.047254 6.9066
10 20 1 46 0.034176 4.3756
10 20 2 46 0.04625 6.9047
10 20 1 47 0.033469 4.376
10 20 2 47 0.045313 6.9055
10 20 1 48 0.032813 4.3757
10 20 2 48 0.044398 6.9014
10 20 1 49 0.032156 4.3739
10 20 2 49 0.043512 6.8995
10 20 1 50 0.031535 4.3731
10 20 2 50 0.042703 6.9011
15 1 1 1 0.047563 2.175
15 1 2 1 0.03425 3.9283
15 1 1 2 0.03125 2.1733
15 1 2 2 0.03425 3.9283
15 1 1 3 0.023125 2.1714
15 1 2 3 0.026875 3.9282
15 1 1 4 0.0185 2.1711
15 1 2 4 0.022156 3.9279
15 1 1 5 0.015344 2.1706
15 1 2 5 0.018844 3.9277
15 1 1 6 0.013188 2.1707
15 1 2 6 0.016313 3.9269
15 1 1 7 0.011531 2.1706
15 1 2 7 0.014438 3.9267
15 1 1 8 0.01025 2.1697
15 1 2 8 0.012984 3.9273
15 1 1 9 0.00925 2.17
15 1 2 9 0.011766 3.9262
15 1 1 10 0.0085156 2.1717
15 1 2 10 0.010719 3.9255
15 1 1 11 0.0077813 2.1714
15 1 2 11 0.009875 3.925
15 1 1 12 0.0071875 2.1711
15 1 2 12 0.0091875 3.9256
15 1 1 13 0.0066563 2.1708
15 1 2 13 0.0085313 3.9257
15 1 1 14 0.0062344 2.1712
15 1 2 14 0.0079688 3.926
15 1 1 15 0.0058438 2.1712
15 1 2 15 0.0074688 3.9254
15 1 1 16 0.0055156 2.1714
15 1 2 16 0.0070625 3.9255
15 1 1 17 0.00525 2.1718
15 1 2 17 0.0066719 3.9251
15 1 1 18 0.0049219 2.1705
15 1 2 18 0.0063438 3.9256
15 1 1 19 0.0046875 2.1705
15 1 2 19 0.0060469 3.9253
15 1 1 20 0.0044531 2.1704
15 1 2 20 0.0057891 3.9252
15 1 1 21 0.00425 2.1704
15 1 2 21 0.0055625 3.9257
15 1 1 22 0.0040625 2.1701
15 1 2 22 0.0052813 3.9244
15 1 1 23 0.0039063 2.1704
15 1 2 23 0.0050938 3.9251
15 1 1 24 0.00375 2.1703
15 1 2 24 0.0048828 3.9245
15 1 1 25 0.0036094 2.1707
15 1 2 25 0.0047031 3.9246
15 1 1 26 0.0034375 2.1696
15 1 2 26 0.0045352 3.9246
15 1 1 27 0.0033359 2.1702
15 1 2 27 0.004375 3.9244
15 1 1 28 0.0032266 2.1704
15 1 2 28 0.0042344 3.9249
15 1 1 29 0.0031172 2.1704
15 1 2 29 0.0040938 3.9252
15 1 1 30 0.0030313 2.1706
15 1 2 30 0.0039531 3.9247
15 1 1 31 0.0029375 2.1706
15 1 2 31 0.0038438 3.9254
15 1 1 32 0.0028281 2.1699
15 1 2 32 0.0036875 3.9237
15 1 1 33 0.0027578 2.1705
15 1 2 33 0.0036094 3.9243
15 1 1 34 0.0026719 2.1698
15 1 2 34 0.0035 3.9239
15 1 1 35 0.0026094 2.1704
15 1 2 35 0.0034141 3.9245
15 1 1 36 0.0025 2.1689
15 1 2 36 0.0033242 3.9243
15 1 1 37 0.0024609 2.1698
15 1 2 37 0.0032344 3.9247
15 1 1 38 0.0024063 2.1702
15 1 2 38 0.003125 3.9233
15 1 1 39 0.0023477 2.1702
15 1 2 39 0.003082 3.9248
15 1 1 40 0.0022813 2.1699
15 1 2 40 0.0030039 3.9245
15 1 1 41 0.0022188 2.1697
15 1 2 41 0.0029297 3.9242
15 1 1 42 0.0021719 2.1698
15 1 2 42 0.0028633 3.9243
15 1 1 43 0.0021172 2.1696
15 1 2 43 0.0028086 3.9245
15 1 1 44 0.0020781 2.1701
15 1 2 44 0.0027461 3.9244
15 1 1 45 0.0020313 2.17
15 1 2 45 0.0026875 3.9248
15 1 1 46 0.0019922 2.17
15 1 2 46 0.0026328 3.9245
15 1 1 47 0.0019375 2.1695
15 1 2 47 0.0025781 3.9245
15 1 1 48 0.0019219 2.1704
15 1 2 48 0.0025273 3.9242
15 1 1 49 0.0018711 2.1698
15 1 2 49 0.0024688 3.924
15 1 1 50 0.0018281 2.1693
15 1 2 50 0.0024258 3.9244
15 2 1 1 0.098 2.2797
15 2 2 1 0.069875 4.0636
15 2 1 2 0.063125 2.2728
15 2 2 2 0.069875 4.0636
15 2 1 3 0.046875 2.2706
15 2 2 3 0.053875 4.0594
15 2 1 4 0.037125 2.2681
15 2 2 4 0.04425 4.0578
15 2 1 5 0.030813 2.2666
15 2 2 5 0.037188 4.0535
15 2 1 6 0.0265 2.267
15 2 2 6 0.032344 4.053
15 2 1 7 0.023125 2.2661
15 2 2 7 0.0285 4.0508
15 2 1 8 0.020563 2.2652
15 2 2 8 0.025516 4.0494
15 2 1 9 0.018469 2.2648
15 2 2 9 0.023125 4.0496
15 2 1 10 0.016813 2.2644
15 2 2 10 0.021094 4.0489
15 2 1 11 0.015438 2.2646
15 2 2 11 0.019438 4.0483
15 2 1 12 0.014219 2.2639
15 2 2 12 0.018031 4.0484
15 2 1 13 0.013219 2.2643
15 2 2 13 0.016797 4.0489
15 2 1 14 0.012313 2.2641
15 2 2 14 0.015688 4.0487
15 2 1 15 0.011547 2.2636
15 2 2 15 0.014734 4.0477
15 2 1 16 0.010844 2.2631
15 2 2 16 0.013922 4.0484
15 2 1 17 0.010266 2.2633
15 2 2 17 0.013234 4.0494
15 2 1 18 0.0097344 2.2632
15 2 2 18 0.012531 4.0487
15 2 1 19 0.0092344 2.2628
15 2 2 19 0.011922 4.0485
15 2 1 20 0.0087969 2.2623
15 2 2 20 0.011375 4.0488
15 2 1 21 0.0083906 2.2621
15 2 2 21 0.010852 4.0473
15 2 1 22 0.0080234 2.2622
15 2 2 22 0.010438 4.0482
15 2 1 23 0.0077188 2.2626
15 2 2 23 0.0099766 4.0472
15 2 1 24 0.007375 2.2615
15 2 2 24 0.0095938 4.0472
15 2 1 25 0.007125 2.2623
15 2 2 25 0.0092031 4.047
15 2 1 26 0.0068594 2.2623
15 2 2 26 0.008875 4.0468
15 2 1 27 0.0066094 2.2622
15 2 2 27 0.0085703 4.0467
15 2 1 28 0.0063828 2.2625
15 2 2 28 0.0082656 4.0461
15 2 1 29 0.0061719 2.2625
15 2 2 29 0.0080234 4.0469
15 2 1 30 0.0059531 2.2618
15 2 2 30 0.0077734 4.0478
15 2 1 31 0.0058125 2.2633
15 2 2 31 0.0075156 4.0468
15 2 1 32 0.0056094 2.2625
15 2 2 32 0.0073203 4.0477
15 2 1 33 0.0054531 2.2629
15 2 2 33 0.0071016 4.0471
15 2 1 34 0.0052813 2.2622
15 2 2 34 0.0068828 4.0463
15 2 1 35 0.005125 2.2621
15 2 2 35 0.0066914 4.0467
15 2 1 36 0.005 2.2627
15 2 2 36 0.0065195 4.0464
15 2 1 37 0.0048594 2.2623
15 2 2 37 0.0063516 4.0465
15 2 1 38 0.0047422 2.2622
15 2 2 38 0.0061875 4.0469
15 2 1 39 0.004625 2.2625
15 2 2 39 0.0060586 4.0476
15 2 1 40 0.0045078 2.2621
15 2 2 40 0.0059141 4.0473
15 2 1 41 0.0044141 2.2625
15 2 2 41 0.0057656 4.0468
15 2 1 42 0.0043008 2.2622
15 2 2 42 0.0056328 4.0468
15 2 1 43 0.0042031 2.262
15 2 2 43 0.0055 4.0465
15 2 1 44 0.0041172 2.2626
15 2 2 44 0.0053906 4.0465
15 2 1 45 0.0040313 2.2626
15 2 2 45 0.0052813 4.0472
15 2 1 46 0.0039453 2.2623
15 2 2 46 0.0051719 4.0471
15 2 1 47 0.0038594 2.262
15 2 2 47 0.0050625 4.0473
15 2 1 48 0.0037773 2.2618
15 2 2 48 0.0049531 4.047
15 2 1 49 0.0037031 2.2618
15 2 2 49 0.004875 4.0474
15 2 1 50 0.0036289 2.2617
15 2 2 50 0.0047734 4.047
15 5 1 1 0.25925 2.6145
15 5 2 1 0.17713 4.471
15 5 1 2 0.15294 2.5638
15 5 2 2 0.17713 4.471
15 5 1 3 0.111 2.544
15 5 2 3 0.13344 4.4479
15 5 1 4 0.087688 2.5374
15 5 2 4 0.10722 4.4309
15 5 1 5 0.072563 2.5314
15 5 2 5 0.089938 4.4211
15 5 1 6 0.061813 2.529
15 5 2 6 0.077313 4.4123
15 5 1 7 0.053875 2.5247
15 5 2 7 0.068188 4.4089
15 5 1 8 0.047813 2.5229
15 5 2 8 0.060641 4.4039
15 5 1 9 0.043047 2.5208
15 5 2 9 0.054891 4.4007
15 5 1 10 0.039031 2.5184
15 5 2 10 0.049953 4.3957
15 5 1 11 0.035828 2.5178
15 5 2 11 0.045969 4.3964
15 5 1 12 0.03307 2.5163
15 5 2 12 0.042469 4.3936
15 5 1 13 0.030656 2.5157
15 5 2 13 0.039547 4.3938
15 5 1 14 0.028555 2.5149
15 5 2 14 0.037016 4.3925
15 5 1 15 0.02675 2.5143
15 5 2 15 0.034781 4.3924
15 5 1 16 0.025188 2.5138
15 5 2 16 0.032766 4.3911
15 5 1 17 0.02375 2.5128
15 5 2 17 0.031016 4.3908
15 5 1 18 0.0225 2.5118
15 5 2 18 0.029375 4.3894
15 5 1 19 0.021406 2.5121
15 5 2 19 0.027906 4.3875
15 5 1 20 0.020375 2.5113
15 5 2 20 0.026625 4.3877
15 5 1 21 0.019438 2.5101
15 5 2 21 0.025383 4.3849
15 5 1 22 0.018602 2.5107
15 5 2 22 0.024328 4.3849
15 5 1 23 0.017813 2.5101
15 5 2 23 0.023344 4.3843
15 5 1 24 0.017125 2.5105
15 5 2 24 0.022422 4.3831
15 5 1 25 0.016469 2.5101
15 5 2 25 0.021578 4.3828
15 5 1 26 0.015859 2.5094
15 5 2 26 0.020813 4.383
15 5 1 27 0.015297 2.51
15 5 2 27 0.020016 4.3805
15 5 1 28 0.01475 2.5086
15 5 2 28 0.019344 4.3802
15 5 1 29 0.014254 2.5083
15 5 2 29 0.01868 4.3795
15 5 1 30 0.013789 2.5084
15 5 2 30 0.018125 4.3811
15 5 1 31 0.013375 2.5083
15 5 2 31 0.017555 4.3803
15 5 1 32 0.012984 2.5087
15 5 2 32 0.017 4.3785
15 5 1 33 0.012582 2.5084
15 5 2 33 0.016531 4.3796
15 5 1 34 0.012227 2.5082
15 5 2 34 0.016059 4.3786
15 5 1 35 0.011875 2.5084
15 5 2 35 0.015625 4.3791
15 5 1 36 0.011566 2.509
15 5 2 36 0.015199 4.379
15 5 1 37 0.011273 2.5089
15 5 2 37 0.014805 4.3786
15 5 1 38 0.010984 2.5091
15 5 2 38 0.01443 4.3779
15 5 1 39 0.010703 2.508
15 5 2 39 0.014086 4.3783
15 5 1 40 0.010453 2.5088
15 5 2 40 0.013754 4.3787
15 5 1 41 0.010188 2.5076
15 5 2 41 0.013438 4.3785
15 5 1 42 0.0099375 2.5074
15 5 2 42 0.013129 4.3788
15 5 1 43 0.0097188 2.5076
15 5 2 43 0.012844 4.3785
15 5 1 44 0.0095 2.5072
15 5 2 44 0.012559 4.3781
15 5 1 45 0.0092969 2.5073
15 5 2 45 0.012289 4.3785
15 5 1 46 0.0090625 2.5054
15 5 2 46 0.012031 4.3786
15 5 1 47 0.0089375 2.5089
15 5 2 47 0.011773 4.3782
15 5 1 48 0.0087266 2.5072
15 5 2 48 0.011547 4.3785
15 5 1 49 0.0085469 2.5061
15 5 2 49 0.01132 4.3782
15 5 1 50 0.0083906 2.5065
15 5 2 50 0.011063 4.3755
15 10 1 1 0.56344 3.2461
15 10 2 1 0.36644 5.19
15 10 1 2 0.28606 3.0237
15 10 2 2 0.36644 5.19
15 10 1 3 0.2 2.9524
15 10 2 3 0.26144 5.0845
15 10 1 4 0.15544 2.9204
15 10 2 4 0.20488 5.0263
15 10 1 5 0.12784 2.9021
15 10 2 5 0.16888 4.9871
15 10 1 6 0.10856 2.8897
15 10 2 6 0.14425 4.9618
15 10 1 7 0.094625 2.8827
15 10 2 7 0.12569 4.9386
15 10 1 8 0.083906 2.8767
15 10 2 8 0.11163 4.9269
15 10 1 9 0.075438 2.8711
15 10 2 9 0.10048 4.9158
15 10 1 10 0.068484 2.8669
15 10 2 10 0.091359 4.907
15 10 1 11 0.062719 2.8622
15 10 2 11 0.083844 4.9023
15 10 1 12 0.057813 2.8579
15 10 2 12 0.0775 4.8971
15 10 1 13 0.053625 2.8563
15 10 2 13 0.071906 4.8899
15 10 1 14 0.049984 2.8536
15 10 2 14 0.067125 4.8862
15 10 1 15 0.046875 2.8519
15 10 2 15 0.062969 4.8828
15 10 1 16 0.044109 2.8508
15 10 2 16 0.059234 4.88
15 10 1 17 0.041609 2.8479
15 10 2 17 0.055938 4.8754
15 10 1 18 0.039453 2.8482
15 10 2 18 0.053 4.8727
15 10 1 19 0.037469 2.8469
15 10 2 19 0.050328 4.8683
15 10 1 20 0.035695 2.8463
15 10 2 20 0.048 4.8665
15 10 1 21 0.034078 2.8449
15 10 2 21 0.045813 4.8634
15 10 1 22 0.03257 2.843
15 10 2 22 0.043813 4.8617
15 10 1 23 0.031227 2.8431
15 10 2 23 0.042 4.8603
15 10 1 24 0.029961 2.8425
15 10 2 24 0.040328 4.858
15 10 1 25 0.028813 2.8418
15 10 2 25 0.038781 4.8562
15 10 1 26 0.027766 2.8417
15 10 2 26 0.037375 4.8556
15 10 1 27 0.02675 2.8408
15 10 2 27 0.036059 4.8545
15 10 1 28 0.025844 2.8401
15 10 2 28 0.034813 4.8523
15 10 1 29 0.024969 2.8392
15 10 2 29 0.033656 4.8508
15 10 1 30 0.024172 2.8383
15 10 2 30 0.032555 4.8497
15 10 1 31 0.023422 2.8384
15 10 2 31 0.031555 4.8491
15 10 1 32 0.022695 2.8368
15 10 2 32 0.030613 4.8491
15 10 1 33 0.022016 2.8359
15 10 2 33 0.029738 4.8492
15 10 1 34 0.021391 2.8361
15 10 2 34 0.028875 4.8479
15 10 1 35 0.020813 2.8369
15 10 2 35 0.028117 4.8494
15 10 1 36 0.020219 2.8355
15 10 2 36 0.027352 4.8484
15 10 1 37 0.019695 2.8347
15 10 2 37 0.026656 4.8472
15 10 1 38 0.019176 2.8342
15 10 2 38 0.025969 4.8462
15 10 1 39 0.018688 2.8335
15 10 2 39 0.025313 4.8457
15 10 1 40 0.018258 2.834
15 10 2 40 0.024719 4.8453
15 10 1 41 0.017816 2.8338
15 10 2 41 0.024109 4.8422
15 10 1 42 0.017391 2.8334
15 10 2 42 0.023531 4.8422
15 10 1 43 0.017 2.834
15 10 2 43 0.023016 4.8423
15 10 1 44 0.016609 2.8335
15 10 2 44 0.0225 4.8424
15 10 1 45 0.01625 2.8326
15 10 2 45 0.022039 4.8432
15 10 1 46 0.015906 2.8325
15 10 2 46 0.021555 4.8425
15 10 1 47 0.015578 2.8329
15 10 2 47 0.021121 4.8416
15 10 1 48 0.01525 2.8319
15 10 2 48 0.020688 4.8408
15 10 1 49 0.014938 2.8314
15 10 2 49 0.020281 4.84
15 10 1 50 0.014656 2.8319
15 10 2 50 0.019906 4.8412
15 15 1 1 0.92613 3.9991
15 15 2 1 0.57331 5.9758
15 15 1 2 0.4125 3.48
15 15 2 2 0.57331 5.9758
15 15 1 3 0.27625 3.3246
15 15 2 3 0.38656 5.7192
15 15 1 4 0.211 3.2553
15 15 2 4 0.29594 5.5928
15 15 1 5 0.17147 3.2128
15 15 2 5 0.24063 5.5154
15 15 1 6 0.14509 3.1864
15 15 2 6 0.20344 5.4605
15 15 1 7 0.12589 3.1681
15 15 2 7 0.1765 5.423
15 15 1 8 0.11142 3.157
15 15 2 8 0.15594 5.3927
15 15 1 9 0.099938 3.1459
15 15 2 9 0.13988 5.3718
15 15 1 10 0.090688 3.1383
15 15 2 10 0.127 5.3562
15 15 1 11 0.083 3.1308
15 15 2 11 0.11606 5.3396
15 15 1 12 0.076594 3.1261
15 15 2 12 0.10702 5.3272
15 15 1 13 0.071141 3.1235
15 15 2 13 0.09925 5.3193
15 15 1 14 0.066344 3.119
15 15 2 14 0.092531 5.3113
15 15 1 15 0.062156 3.1157
15 15 2 15 0.086656 5.3025
15 15 1 16 0.0585 3.1135
15 15 2 16 0.081531 5.2955
15 15 1 17 0.05525 3.1104
15 15 2 17 0.077031 5.2913
15 15 1 18 0.052328 3.1098
15 15 2 18 0.072914 5.2849
15 15 1 19 0.04975 3.1077
15 15 2 19 0.069281 5.2809
15 15 1 20 0.047359 3.1057
15 15 2 20 0.065938 5.2754
15 15 1 21 0.045188 3.1029
15 15 2 21 0.062891 5.2699
15 15 1 22 0.043219 3.1017
15 15 2 22 0.060172 5.2675
15 15 1 23 0.041406 3.1003
15 15 2 23 0.057641 5.2631
15 15 1 24 0.039766 3.1005
15 15 2 24 0.055281 5.2588
15 15 1 25 0.038281 3.1012
15 15 2 25 0.053172 5.2567
15 15 1 26 0.036828 3.0989
15 15 2 26 0.051188 5.2537
15 15 1 27 0.035531 3.0986
15 15 2 27 0.049336 5.2501
15 15 1 28 0.034297 3.0962
15 15 2 28 0.047641 5.249
15 15 1 29 0.033141 3.095
15 15 2 29 0.046055 5.246
15 15 1 30 0.032109 3.0955
15 15 2 30 0.044563 5.2442
15 15 1 31 0.031094 3.0944
15 15 2 31 0.043188 5.2436
15 15 1 32 0.030141 3.0922
15 15 2 32 0.041844 5.2407
15 15 1 33 0.029266 3.0923
15 15 2 33 0.040641 5.2406
15 15 1 34 0.02843 3.0922
15 15 2 34 0.039469 5.2381
15 15 1 35 0.027633 3.0914
15 15 2 35 0.038387 5.2378
15 15 1 36 0.026879 3.0904
15 15 2 36 0.037344 5.2372
15 15 1 37 0.02618 3.0891
15 15 2 37 0.036375 5.2359
15 15 1 38 0.025516 3.0898
15 15 2 38 0.035438 5.2335
15 15 1 39 0.024875 3.089
15 15 2 39 0.034539 5.2326
15 15 1 40 0.024273 3.0896
15 15 2 40 0.033703 5.2312
15 15 1 41 0.023691 3.0885
15 15 2 41 0.032895 5.2293
15 15 1 42 0.023141 3.0882
15 15 2 42 0.032117 5.228
15 15 1 43 0.022625 3.0885
15 15 2 43 0.031398 5.2281
15 15 1 44 0.022109 3.0881
15 15 2 44 0.030695 5.2274
15 15 1 45 0.021617 3.0871
15 15 2 45 0.030016 5.2248
15 15 1 46 0.021188 3.0882
15 15 2 46 0.029375 5.2252
15 15 1 47 0.020719 3.0864
15 15 2 47 0.028766 5.2237
15 15 1 48 0.020305 3.0864
15 15 2 48 0.028188 5.2227
15 15 1 49 0.019902 3.0853
15 15 2 49 0.027641 5.2229
15 15 1 50 0.01952 3.0865
15 15 2 50 0.027094 5.221
15 20 1 1 1.3682 4.917
15 20 2 1 0.8045 6.8539
15 20 1 2 0.54325 3.9656
15 20 2 2 0.8045 6.8539
15 20 1 3 0.34963 3.6928
15 20 2 3 0.51581 6.3822
15 20 1 4 0.26156 3.5723
15 20 2 4 0.385 6.1574
15 20 1 5 0.21025 3.4991
15 20 2 5 0.30869 6.0262
15 20 1 6 0.17644 3.4509
15 20 2 6 0.25844 5.9365
15 20 1 7 0.15223 3.4167
15 20 2 7 0.22256 5.8707
15 20 1 8 0.1342 3.396
15 20 2 8 0.19606 5.8259
15 20 1 9 0.12003 3.3767
15 20 2 9 0.17506 5.7876
15 20 1 10 0.10863 3.3638
15 20 2 10 0.15827 5.7575
15 20 1 11 0.099297 3.3515
15 20 2 11 0.14463 5.7366
15 20 1 12 0.091563 3.3442
15 20 2 12 0.133 5.7133
15 20 1 13 0.084875 3.3379
15 20 2 13 0.12322 5.7
15 20 1 14 0.079125 3.3316
15 20 2 14 0.11478 5.6882
15 20 1 15 0.074117 3.3265
15 20 2 15 0.10733 5.6737
15 20 1 16 0.069719 3.3223
15 20 2 16 0.1008 5.6625
15 20 1 17 0.065859 3.3194
15 20 2 17 0.095094 5.6537
15 20 1 18 0.062375 3.3165
15 20 2 18 0.090055 5.6451
15 20 1 19 0.059266 3.3144
15 20 2 19 0.085438 5.6344
15 20 1 20 0.056438 3.3117
15 20 2 20 0.081313 5.6298
15 20 1 21 0.053859 3.308
15 20 2 21 0.077547 5.6232
15 20 1 22 0.051516 3.3066
15 20 2 22 0.074102 5.6175
15 20 1 23 0.049375 3.3043
15 20 2 23 0.070984 5.6107
15 20 1 24 0.047445 3.3045
15 20 2 24 0.068125 5.6056
15 20 1 25 0.045625 3.3042
15 20 2 25 0.0655 5.6034
15 20 1 26 0.043945 3.3024
15 20 2 26 0.063039 5.5989
15 20 1 27 0.042438 3.3032
15 20 2 27 0.060805 5.596
15 20 1 28 0.040953 3.3003
15 20 2 28 0.058656 5.5918
15 20 1 29 0.039594 3.2987
15 20 2 29 0.05668 5.5881
15 20 1 30 0.038328 3.2975
15 20 2 30 0.054844 5.5853
15 20 1 31 0.037141 3.2969
15 20 2 31 0.053156 5.5834
15 20 1 32 0.036039 3.2963
15 20 2 32 0.051531 5.5818
15 20 1 33 0.034992 3.2964
15 20 2 33 0.050031 5.58
15 20 1 34 0.033992 3.2956
15 20 2 34 0.048551 5.5759
15 20 1 35 0.033063 3.2961
15 20 2 35 0.047188 5.5741
15 20 1 36 0.032195 3.2966
15 20 2 36 0.045891 5.5723
15 20 1 37 0.031375 3.2954
15 20 2 37 0.044699 5.5709
15 20 1 38 0.030539 3.2933
15 20 2 38 0.043531 5.5675
15 20 1 39 0.029797 3.2938
15 20 2 39 0.042438 5.566
15 20 1 40 0.02907 3.2935
15 20 2 40 0.041418 5.5647
15 20 1 41 0.028398 3.2932
15 20 2 41 0.040438 5.5623
15 20 1 42 0.027734 3.2929
15 20 2 42 0.0395 5.5603
15 20 1 43 0.027094 3.2923
15 20 2 43 0.038578 5.5596
15 20 1 44 0.026484 3.2908
15 20 2 44 0.037703 5.5576
15 20 1 45 0.025914 3.2911
15 20 2 45 0.036875 5.5555
15 20 1 46 0.025375 3.2916
15 20 2 46 0.036125 5.5558
15 20 1 47 0.024848 3.2911
15 20 2 47 0.035359 5.5537
15 20 1 48 0.02434 3.2902
15 20 2 48 0.034625 5.5526
15 20 1 49 0.023855 3.2897
15 20 2 49 0.033938 5.551
15 20 1 50 0.023391 3.2892
15 20 2 50 0.033266 5.5485
20 1 1 1 0.043625 1.7174
20 1 2 1 0.029688 3.319
20 1 1 2 0.026375 1.7158
20 1 2 2 0.029688 3.319
20 1 1 3 0.019063 1.7157
20 1 2 3 0.022531 3.3179
20 1 1 4 0.014813 1.7147
20 1 2 4 0.017875 3.3159
20 1 1 5 0.012125 1.7145
20 1 2 5 0.015063 3.3165
20 1 1 6 0.01025 1.7141
20 1 2 6 0.012906 3.316
20 1 1 7 0.0089375 1.7146
20 1 2 7 0.011344 3.3158
20 1 1 8 0.0079219 1.7147
20 1 2 8 0.010047 3.3155
20 1 1 9 0.0070938 1.7145
20 1 2 9 0.0090625 3.3157
20 1 1 10 0.0064219 1.7147
20 1 2 10 0.0082813 3.3161
20 1 1 11 0.0058906 1.7145
20 1 2 11 0.0075781 3.3159
20 1 1 12 0.0054063 1.7145
20 1 2 12 0.007 3.3158
20 1 1 13 0.005 1.7145
20 1 2 13 0.0065 3.3158
20 1 1 14 0.0046719 1.7146
20 1 2 14 0.006125 3.3167
20 1 1 15 0.004375 1.7145
20 1 2 15 0.0056875 3.3156
20 1 1 16 0.0041094 1.7146
20 1 2 16 0.0053906 3.316
20 1 1 17 0.003875 1.7145
20 1 2 17 0.0050625 3.3152
20 1 1 18 0.0036875 1.715
20 1 2 18 0.0048125 3.3156
20 1 1 19 0.0035 1.7148
20 1 2 19 0.0045781 3.3155
20 1 1 20 0.0033125 1.7144
20 1 2 20 0.0043672 3.3158
20 1 1 21 0.0031719 1.7144
20 1 2 21 0.0041719 3.3161
20 1 1 22 0.0030156 1.7141
20 1 2 22 0.0039844 3.3158
20 1 1 23 0.0028984 1.7145
20 1 2 23 0.0038281 3.3162
20 1 1 24 0.0027813 1.7144
20 1 2 24 0.0036875 3.3161
20 1 1 25 0.0026875 1.7149
20 1 2 25 0.0035625 3.3162
20 1 1 26 0.0025625 1.7141
20 1 2 26 0.0034063 3.3155
20 1 1 27 0.0024844 1.7144
20 1 2 27 0.0032734 3.3154
20 1 1 28 0.0024063 1.7145
20 1 2 28 0.0031641 3.3154
20 1 1 29 0.0023047 1.7141
20 1 2 29 0.0030625 3.3154
20 1 1 30 0.0022344 1.7141
20 1 2 30 0.0029609 3.3153
20 1 1 31 0.0021563 1.714
20 1 2 31 0.002875 3.3157
20 1 1 32 0.002125 1.7151
20 1 2 32 0.0027734 3.315
20 1 1 33 0.0020313 1.714
20 1 2 33 0.0026992 3.3151
20 1 1 34 0.0019844 1.7144
20 1 2 34 0.002625 3.3153
20 1 1 35 0.0019375 1.7149
20 1 2 35 0.0025469 3.3151
20 1 1 36 0.001875 1.7145
20 1 2 36 0.0025 3.3159
20 1 1 37 0.0018281 1.7145
20 1 2 37 0.0024063 3.3146
20 1 1 38 0.0017734 1.7142
20 1 2 38 0.002375 3.316
20 1 1 39 0.0017344 1.7144
20 1 2 39 0.0022969 3.3154
20 1 1 40 0.0016914 1.7144
20 1 2 40 0.0022383 3.3151
20 1 1 41 0.0016484 1.7144
20 1 2 41 0.0021875 3.3152
20 1 1 42 0.0016172 1.7147
20 1 2 42 0.0021367 3.3152
20 1 1 43 0.0015781 1.7146
20 1 2 43 0.0020898 3.3154
20 1 1 44 0.0015469 1.7148
20 1 2 44 0.0020469 3.3157
20 1 1 45 0.0015 1.7143
20 1 2 45 0.002 3.3157
20 1 1 46 0.0014727 1.7144
20 1 2 46 0.0019531 3.3154
20 1 1 47 0.0014375 1.7142
20 1 2 47 0.0019141 3.3155
20 1 1 48 0.0014102 1.7143
20 1 2 48 0.0018789 3.3154
20 1 1 49 0.0013867 1.7147
20 1 2 49 0.0018398 3.3153
20 1 1 50 0.0013594 1.7147
20 1 2 50 0.0018008 3.3153
20 2 1 1 0.090063 1.7938
20 2 2 1 0.060875 3.4195
20 2 1 2 0.053063 1.7884
20 2 2 2 0.060875 3.4195
20 2 1 3 0.038 1.786
20 2 2 3 0.045875 3.4163
20 2 1 4 0.029688 1.785
20 2 2 4 0.036438 3.414
20 2 1 5 0.024281 1.7838
20 2 2 5 0.030406 3.4134
20 2 1 6 0.020563 1.7837
20 2 2 6 0.026141 3.4127
20 2 1 7 0.017875 1.7838
20 2 2 7 0.022969 3.4124
20 2 1 8 0.015781 1.7833
20 2 2 8 0.020406 3.4126
20 2 1 9 0.014125 1.7831
20 2 2 9 0.018406 3.4121
20 2 1 10 0.012781 1.7832
20 2 2 10 0.01675 3.4123
20 2 1 11 0.011703 1.7828
20 2 2 11 0.015375 3.4115
20 2 1 12 0.010813 1.7832
20 2 2 12 0.014211 3.4116
20 2 1 13 0.01 1.7827
20 2 2 13 0.013219 3.4119
20 2 1 14 0.0093125 1.7828
20 2 2 14 0.012313 3.4112
20 2 1 15 0.0087188 1.7829
20 2 2 15 0.011531 3.4109
20 2 1 16 0.0081953 1.7831
20 2 2 16 0.010875 3.4111
20 2 1 17 0.0077344 1.7832
20 2 2 17 0.010281 3.4108
20 2 1 18 0.0073125 1.783
20 2 2 18 0.0097109 3.4101
20 2 1 19 0.0069453 1.7829
20 2 2 19 0.0092344 3.4106
20 2 1 20 0.0066094 1.7828
20 2 2 20 0.0088125 3.411
20 2 1 21 0.0063125 1.7829
20 2 2 21 0.008375 3.4101
20 2 1 22 0.0060391 1.7832
20 2 2 22 0.008 3.4098
20 2 1 23 0.0057813 1.7828
20 2 2 23 0.0076641 3.4094
20 2 1 24 0.0055391 1.7827
20 2 2 24 0.007375 3.4095
20 2 1 25 0.0053125 1.7823
20 2 2 25 0.0070781 3.4088
20 2 1 26 0.0051172 1.7821
20 2 2 26 0.0068125 3.4085
20 2 1 27 0.0049375 1.7827
20 2 2 27 0.0065625 3.4087
20 2 1 28 0.0047578 1.7826
20 2 2 28 0.0063125 3.4079
20 2 1 29 0.0046016 1.7825
20 2 2 29 0.006125 3.4086
20 2 1 30 0.0044492 1.7825
20 2 2 30 0.0059375 3.409
20 2 1 31 0.0043047 1.7826
20 2 2 31 0.00575 3.4085
20 2 1 32 0.0041719 1.7822
20 2 2 32 0.0055938 3.4091
20 2 1 33 0.0040625 1.7828
20 2 2 33 0.0054297 3.4092
20 2 1 34 0.0039375 1.7823
20 2 2 34 0.0052813 3.4095
20 2 1 35 0.0038438 1.7831
20 2 2 35 0.005125 3.4092
20 2 1 36 0.0037188 1.7824
20 2 2 36 0.0049805 3.4087
20 2 1 37 0.003625 1.7826
20 2 2 37 0.0048477 3.4088
20 2 1 38 0.0035313 1.7825
20 2 2 38 0.0047266 3.4087
20 2 1 39 0.0034375 1.7823
20 2 2 39 0.0045938 3.4082
20 2 1 40 0.0033594 1.7825
20 2 2 40 0.0045 3.4091
20 2 1 41 0.0032734 1.7825
20 2 2 41 0.0043984 3.4093
20 2 1 42 0.0032031 1.7826
20 2 2 42 0.0043125 3.4099
20 2 1 43 0.0031406 1.783
20 2 2 43 0.0041953 3.409
20 2 1 44 0.0030625 1.7825
20 2 2 44 0.0041094 3.4092
20 2 1 45 0.0029922 1.7827
20 2 2 45 0.004 3.4086
20 2 1 46 0.0029375 1.7833
20 2 2 46 0.0039141 3.4084
20 2 1 47 0.0028633 1.7823
20 2 2 47 0.0038438 3.4089
20 2 1 48 0.0028047 1.7823
20 2 2 48 0.0037813 3.4094
20 2 1 49 0.00275 1.7825
20 2 2 49 0.0036875 3.4083
20 2 1 50 0.0027031 1.7831
20 2 2 50 0.0036172 3.4083
20 5 1 1 0.23913 2.0391
20 5 2 1 0.15925 3.7366
20 5 1 2 0.12919 2.003
20 5 2 2 0.15925 3.7366
20 5 1 3 0.090813 1.9915
20 5 2 3 0.1155 3.7164
20 5 1 4 0.0705 1.9847
20 5 2 4 0.091188 3.7073
20 5 1 5 0.057281 1.9797
20 5 2 5 0.074938 3.6984
20 5 1 6 0.048375 1.9764
20 5 2 6 0.064078 3.6942
20 5 1 7 0.041938 1.9752
20 5 2 7 0.055781 3.6893
20 5 1 8 0.037031 1.9738
20 5 2 8 0.049438 3.6869
20 5 1 9 0.033188 1.9725
20 5 2 9 0.0445 3.6846
20 5 1 10 0.030063 1.9723
20 5 2 10 0.040438 3.6834
20 5 1 11 0.027438 1.9707
20 5 2 11 0.037141 3.6834
20 5 1 12 0.025281 1.9707
20 5 2 12 0.03425 3.6816
20 5 1 13 0.023359 1.9692
20 5 2 13 0.031742 3.6807
20 5 1 14 0.02175 1.9689
20 5 2 14 0.029625 3.6788
20 5 1 15 0.020328 1.9677
20 5 2 15 0.027781 3.6782
20 5 1 16 0.019125 1.9675
20 5 2 16 0.026125 3.677
20 5 1 17 0.018047 1.9677
20 5 2 17 0.024688 3.6764
20 5 1 18 0.017063 1.9676
20 5 2 18 0.023313 3.6756
20 5 1 19 0.016203 1.9673
20 5 2 19 0.02218 3.676
20 5 1 20 0.015438 1.968
20 5 2 20 0.021109 3.676
20 5 1 21 0.014672 1.9664
20 5 2 21 0.020125 3.6748
20 5 1 22 0.014039 1.9663
20 5 2 22 0.01925 3.6735
20 5 1 23 0.013453 1.9661
20 5 2 23 0.018438 3.674
20 5 1 24 0.012906 1.966
20 5 2 24 0.017711 3.6739
20 5 1 25 0.012375 1.965
20 5 2 25 0.017016 3.673
20 5 1 26 0.011953 1.9663
20 5 2 26 0.016414 3.6736
20 5 1 27 0.011516 1.9664
20 5 2 27 0.015844 3.6744
20 5 1 28 0.011109 1.9665
20 5 2 28 0.015281 3.6735
20 5 1 29 0.010719 1.9656
20 5 2 29 0.01475 3.6725
20 5 1 30 0.010375 1.966
20 5 2 30 0.014289 3.6728
20 5 1 31 0.010063 1.9665
20 5 2 31 0.013844 3.673
20 5 1 32 0.0097383 1.9656
20 5 2 32 0.013406 3.6721
20 5 1 33 0.0094492 1.9652
20 5 2 33 0.013063 3.6734
20 5 1 34 0.0091719 1.9651
20 5 2 34 0.012688 3.6736
20 5 1 35 0.0089219 1.9655
20 5 2 35 0.01232 3.6726
20 5 1 36 0.0086641 1.9646
20 5 2 36 0.011984 3.6723
20 5 1 37 0.0084375 1.9648
20 5 2 37 0.011656 3.6714
20 5 1 38 0.0081875 1.9633
20 5 2 38 0.011344 3.671
20 5 1 39 0.0080313 1.9654
20 5 2 39 0.011078 3.6709
20 5 1 40 0.0078242 1.9648
20 5 2 40 0.010797 3.6707
20 5 1 41 0.0076406 1.965
20 5 2 41 0.010527 3.6702
20 5 1 42 0.0074453 1.9642
20 5 2 42 0.010297 3.6703
20 5 1 43 0.0072656 1.9641
20 5 2 43 0.010047 3.669
20 5 1 44 0.0071094 1.9642
20 5 2 44 0.0098281 3.6697
20 5 1 45 0.0069453 1.9642
20 5 2 45 0.0095938 3.6685
20 5 1 46 0.0067969 1.9638
20 5 2 46 0.009375 3.6677
20 5 1 47 0.0066563 1.9637
20 5 2 47 0.0092109 3.669
20 5 1 48 0.0065234 1.9638
20 5 2 48 0.0090234 3.668
20 5 1 49 0.006375 1.9629
20 5 2 49 0.008832 3.6677
20 5 1 50 0.0062656 1.9638
20 5 2 50 0.0086758 3.6685
20 10 1 1 0.52656 2.5121
20 10 2 1 0.33475 4.3023
20 10 1 2 0.24206 2.3419
20 10 2 2 0.33475 4.3023
20 10 1 3 0.16438 2.2943
20 10 2 3 0.22956 4.2157
20 10 1 4 0.12569 2.2711
20 10 2 4 0.17619 4.1725
20 10 1 5 0.10228 2.2596
20 10 2 5 0.14359 4.1478
20 10 1 6 0.086438 2.2535
20 10 2 6 0.12144 4.1307
20 10 1 7 0.074875 2.2465
20 10 2 7 0.10544 4.118
20 10 1 8 0.066031 2.2423
20 10 2 8 0.092938 4.1056
20 10 1 9 0.059094 2.2389
20 10 2 9 0.083328 4.0991
20 10 1 10 0.053516 2.237
20 10 2 10 0.075438 4.0923
20 10 1 11 0.048844 2.2331
20 10 2 11 0.068938 4.0863
20 10 1 12 0.044969 2.2314
20 10 2 12 0.063453 4.0815
20 10 1 13 0.041719 2.2311
20 10 2 13 0.058828 4.0782
20 10 1 14 0.038875 2.23
20 10 2 14 0.054797 4.0744
20 10 1 15 0.036375 2.2292
20 10 2 15 0.051313 4.0713
20 10 1 16 0.034125 2.2271
20 10 2 16 0.048219 4.0695
20 10 1 17 0.032203 2.2264
20 10 2 17 0.045516 4.0665
20 10 1 18 0.030453 2.2261
20 10 2 18 0.043078 4.0647
20 10 1 19 0.028906 2.2254
20 10 2 19 0.040938 4.0648
20 10 1 20 0.0275 2.2243
20 10 2 20 0.038875 4.0613
20 10 1 21 0.026203 2.2227
20 10 2 21 0.037125 4.0618
20 10 1 22 0.025 2.2216
20 10 2 22 0.035438 4.0585
20 10 1 23 0.024 2.2223
20 10 2 23 0.033953 4.0573
20 10 1 24 0.023 2.2209
20 10 2 24 0.032586 4.0571
20 10 1 25 0.022117 2.2208
20 10 2 25 0.031344 4.0566
20 10 1 26 0.021289 2.22
20 10 2 26 0.030148 4.0548
20 10 1 27 0.0205 2.2195
20 10 2 27 0.02907 4.0554
20 10 1 28 0.019781 2.2196
20 10 2 28 0.028039 4.0541
20 10 1 29 0.019109 2.2186
20 10 2 29 0.027109 4.0528
20 10 1 30 0.018477 2.2186
20 10 2 30 0.02625 4.0538
20 10 1 31 0.017906 2.2187
20 10 2 31 0.025422 4.0523
20 10 1 32 0.017344 2.2174
20 10 2 32 0.024617 4.0509
20 10 1 33 0.016836 2.2178
20 10 2 33 0.023891 4.0509
20 10 1 34 0.016375 2.2196
20 10 2 34 0.023188 4.0495
20 10 1 35 0.015898 2.2185
20 10 2 35 0.022539 4.0493
20 10 1 36 0.015457 2.2177
20 10 2 36 0.021945 4.0501
20 10 1 37 0.015066 2.2176
20 10 2 37 0.021375 4.0493
20 10 1 38 0.014656 2.2168
20 10 2 38 0.020828 4.0494
20 10 1 39 0.014277 2.216
20 10 2 39 0.020297 4.0485
20 10 1 40 0.013938 2.2162
20 10 2 40 0.019813 4.0486
20 10 1 41 0.013609 2.2168
20 10 2 41 0.019328 4.0477
20 10 1 42 0.013297 2.217
20 10 2 42 0.018875 4.0479
20 10 1 43 0.012969 2.2154
20 10 2 43 0.018445 4.0471
20 10 1 44 0.012703 2.2168
20 10 2 44 0.018063 4.0481
20 10 1 45 0.012418 2.2165
20 10 2 45 0.017621 4.0453
20 10 1 46 0.012141 2.2157
20 10 2 46 0.01725 4.0456
20 10 1 47 0.011887 2.2157
20 10 2 47 0.016883 4.0444
20 10 1 48 0.011648 2.2158
20 10 2 48 0.016543 4.0446
20 10 1 49 0.011438 2.2174
20 10 2 49 0.016215 4.0443
20 10 1 50 0.011184 2.2154
20 10 2 50 0.015902 4.0441
20 15 1 1 0.87694 3.0887
20 15 2 1 0.53088 4.9345
20 15 1 2 0.35081 2.6854
20 15 2 2 0.53088 4.9345
20 15 1 3 0.22806 2.573
20 15 2 3 0.34347 4.7231
20 15 1 4 0.17194 2.5243
20 15 2 4 0.25806 4.6299
20 15 1 5 0.13866 2.4978
20 15 2 5 0.20709 4.571
20 15 1 6 0.11656 2.4819
20 15 2 6 0.17344 4.533
20 15 1 7 0.10066 2.4701
20 15 2 7 0.14925 4.504
20 15 1 8 0.088688 2.4609
20 15 2 8 0.13156 4.4877
20 15 1 9 0.079313 2.4544
20 15 2 9 0.1175 4.4709
20 15 1 10 0.071781 2.4502
20 15 2 10 0.10616 4.4581
20 15 1 11 0.065563 2.4458
20 15 2 11 0.096875 4.4489
20 15 1 12 0.060375 2.4416
20 15 2 12 0.089094 4.4402
20 15 1 13 0.055969 2.4399
20 15 2 13 0.0825 4.4338
20 15 1 14 0.052188 2.4385
20 15 2 14 0.076813 4.4268
20 15 1 15 0.048813 2.4362
20 15 2 15 0.07175 4.4196
20 15 1 16 0.045906 2.4349
20 15 2 16 0.067438 4.4157
20 15 1 17 0.043313 2.434
20 15 2 17 0.063609 4.4111
20 15 1 18 0.041 2.4333
20 15 2 18 0.060125 4.4063
20 15 1 19 0.038906 2.4316
20 15 2 19 0.057063 4.4045
20 15 1 20 0.036984 2.4294
20 15 2 20 0.054234 4.3995
20 15 1 21 0.03525 2.4289
20 15 2 21 0.05175 4.3993
20 15 1 22 0.033742 2.4292
20 15 2 22 0.049453 4.3958
20 15 1 23 0.032328 2.4275
20 15 2 23 0.047313 4.3931
20 15 1 24 0.031047 2.4277
20 15 2 24 0.045391 4.3911
20 15 1 25 0.02982 2.4264
20 15 2 25 0.043625 4.3883
20 15 1 26 0.028711 2.426
20 15 2 26 0.042 4.388
20 15 1 27 0.02768 2.4256
20 15 2 27 0.040438 4.3857
20 15 1 28 0.026711 2.4245
20 15 2 28 0.039031 4.3851
20 15 1 29 0.025813 2.4243
20 15 2 29 0.037719 4.3834
20 15 1 30 0.024961 2.4234
20 15 2 30 0.036492 4.3826
20 15 1 31 0.024188 2.4245
20 15 2 31 0.035344 4.3817
20 15 1 32 0.023438 2.4231
20 15 2 32 0.034289 4.382
20 15 1 33 0.022766 2.4238
20 15 2 33 0.03325 4.3801
20 15 1 34 0.022125 2.4246
20 15 2 34 0.032301 4.3793
20 15 1 35 0.021484 2.423
20 15 2 35 0.031313 4.3754
20 15 1 36 0.020906 2.4231
20 15 2 36 0.0305 4.3758
20 15 1 37 0.020367 2.4237
20 15 2 37 0.029688 4.3744
20 15 1 38 0.019844 2.4229
20 15 2 38 0.028934 4.3747
20 15 1 39 0.019332 2.4227
20 15 2 39 0.028195 4.3744
20 15 1 40 0.018867 2.4221
20 15 2 40 0.027508 4.3734
20 15 1 41 0.018406 2.4212
20 15 2 41 0.026844 4.3722
20 15 1 42 0.017969 2.4203
20 15 2 42 0.026203 4.371
20 15 1 43 0.01757 2.4209
20 15 2 43 0.025602 4.3696
20 15 1 44 0.017168 2.4204
20 15 2 44 0.025063 4.3707
20 15 1 45 0.016801 2.4209
20 15 2 45 0.024484 4.3681
20 15 1 46 0.016445 2.4206
20 15 2 46 0.023961 4.3683
20 15 1 47 0.016102 2.4202
20 15 2 47 0.023453 4.3673
20 15 1 48 0.015766 2.4198
20 15 2 48 0.022969 4.3664
20 15 1 49 0.015453 2.4202
20 15 2 49 0.022512 4.3667
20 15 1 50 0.015145 2.4201
20 15 2 50 0.022078 4.3664
20 20 1 1 1.3151 3.8097
20 20 2 1 0.75456 5.6555
20 20 1 2 0.467 3.059
20 20 2 2 0.75456 5.6555
20 20 1 3 0.29119 2.8574
20 20 2 3 0.46225 5.2628
20 20 1 4 0.21444 2.767
20 20 2 4 0.33819 5.0876
20 20 1 5 0.17125 2.7205
20 20 2 5 0.26803 4.9884
20 20 1 6 0.14275 2.6876
20 20 2 6 0.22256 4.9214
20 20 1 7 0.12253 2.6644
20 20 2 7 0.19059 4.8753
20 20 1 8 0.10763 2.6504
20 20 2 8 0.167 4.8426
20 20 1 9 0.096 2.6376
20 20 2 9 0.14867 4.8172
20 20 1 10 0.08675 2.6284
20 20 2 10 0.13384 4.7946
20 20 1 11 0.079188 2.6224
20 20 2 11 0.12191 4.7793
20 20 1 12 0.072844 2.6158
20 20 2 12 0.11183 4.7617
20 20 1 13 0.067516 2.6128
20 20 2 13 0.10344 4.7528
20 20 1 14 0.062844 2.6088
20 20 2 14 0.096188 4.7421
20 20 1 15 0.058828 2.606
20 20 2 15 0.089813 4.7317
20 20 1 16 0.055313 2.6039
20 20 2 16 0.084328 4.7254
20 20 1 17 0.052156 2.6011
20 20 2 17 0.079469 4.7168
20 20 1 18 0.049391 2.6008
20 20 2 18 0.075125 4.7109
20 20 1 19 0.046875 2.599
20 20 2 19 0.071266 4.7065
20 20 1 20 0.044656 2.5983
20 20 2 20 0.067719 4.7011
20 20 1 21 0.042609 2.5969
20 20 2 21 0.064563 4.6978
20 20 1 22 0.040766 2.5972
20 20 2 22 0.061719 4.6934
20 20 1 23 0.039031 2.5948
20 20 2 23 0.059055 4.6893
20 20 1 24 0.037438 2.594
20 20 2 24 0.056625 4.6862
20 20 1 25 0.036 2.5936
20 20 2 25 0.054375 4.6828
20 20 1 26 0.034688 2.5939
20 20 2 26 0.052344 4.6809
20 20 1 27 0.033422 2.5927
20 20 2 27 0.050422 4.6791
20 20 1 28 0.032258 2.5913
20 20 2 28 0.048656 4.6778
20 20 1 29 0.031188 2.5908
20 20 2 29 0.046969 4.6727
20 20 1 30 0.030203 2.5908
20 20 2 30 0.04543 4.6716
20 20 1 31 0.02925 2.5911
20 20 2 31 0.043992 4.6703
20 20 1 32 0.028359 2.5904
20 20 2 32 0.042656 4.6695
20 20 1 33 0.027508 2.5901
20 20 2 33 0.041375 4.6673
20 20 1 34 0.026734 2.5901
20 20 2 34 0.040141 4.6653
20 20 1 35 0.025984 2.5897
20 20 2 35 0.039039 4.6652
20 20 1 36 0.025297 2.5902
20 20 2 36 0.037953 4.662
20 20 1 37 0.024637 2.5903
20 20 2 37 0.036938 4.6605
20 20 1 38 0.024 2.5893
20 20 2 38 0.035984 4.6596
20 20 1 39 0.023406 2.5897
20 20 2 39 0.035078 4.6591
20 20 1 40 0.022824 2.589
20 20 2 40 0.034188 4.6564
20 20 1 41 0.022281 2.5883
20 20 2 41 0.033375 4.6549
20 20 1 42 0.021754 2.5872
20 20 2 42 0.032598 4.6545
20 20 1 43 0.021266 2.5869
20 20 2 43 0.031844 4.6531
20 20 1 44 0.020789 2.5869
20 20 2 44 0.031125 4.6524
20 20 1 45 0.020336 2.5871
20 20 2 45 0.030469 4.6526
20 20 1 46 0.019914 2.5871
20 20 2 46 0.029801 4.6515
20 20 1 47 0.019496 2.5867
20 20 2 47 0.029172 4.651
20 20 1 48 0.019125 2.5876
20 20 2 48 0.028578 4.65
20 20 1 49 0.018719 2.5872
20 20 2 49 0.027992 4.6487
20 20 1 50 0.018344 2.5859
20 20 2 50 0.027469 4.6496
